4.521445647211909602e+01 4.663176252278380929e+01 4.388040636482033108e+01
4.475676904380044618e+01 4.411566377260444938e+01 4.322814479644075902e+01
4.567719183332417288e+01 4.411901662437529126e+01 4.333944536406882264e+01
4.375423385361136752e+01 4.653037905947924457e+01 4.473944036742811647e+01
4.638981091335146800e+01 4.643055472622296520e+01 4.513954563615457971e+01
4.435534018138253032e+01 4.315323378083714090e+01 4.544605993356860552e+01
4.393207601307433663e+01 4.549204246160923759e+01 4.339577114720698603e+01
4.593777511334982933e+01 4.483579959090329226e+01 4.677033923313018704e+01
4.656870169638759194e+01 4.407399283287510627e+01 4.585105988819528022e+01
4.635971202741977493e+01 4.391435456886382838e+01 4.400730480516071452e+01
4.382666772195757687e+01 4.340899220687163051e+01 4.469034221892511027e+01
4.528289597088273410e+01 4.302226081493991217e+01 4.520318373552133551e+01
4.698047993413007362e+01 4.482106599605505437e+01 4.527064382843138901e+01
4.464550902353536799e+01 4.502173327435583872e+01 4.304087918351839903e+01
4.557304047746444553e+01 4.507742879175376061e+01 4.309217459105252601e+01
4.653587750893910879e+01 4.556996043903312454e+01 4.385708556328913232e+01
4.513347282668127036e+01 4.691790859725821150e+01 4.553654856294291164e+01
4.619522509704647462e+01 4.637857254688398001e+01 4.419259240185519388e+01
4.575971604744856336e+01 4.595463576173182219e+01 4.342482216550052954e+01
4.425500142600833442e+01 4.646617301750452356e+01 4.388216326845079607e+01
4.539662415550499475e+01 4.568960225873859571e+01 4.684161505428224359e+01
4.581253775253901495e+01 4.389529151311741373e+01 4.647187924934013381e+01
4.503535288871225362e+01 4.481440034450051257e+01 4.699980670171211727e+01
4.585418587070049057e+01 4.325994367215504610e+01 4.448367361412726950e+01
4.687073328310425779e+01 4.565744422999677710e+01 4.472702526671088208e+01
4.408132638963603256e+01 4.621852305224332724e+01 4.629063959395024597e+01
4.343510691397888479e+01 4.407998063865538541e+01 4.417112213006852528e+01
4.445803271537872092e+01 4.555490626737682192e+01 4.684790312763280440e+01
4.500614961497092281e+01 4.644619515995017878e+01 4.638245507732763429e+01
4.511457183285625661e+01 4.330957195268301518e+01 4.608193466320112464e+01
4.480408990478704823e+01 4.595551625680736407e+01 4.326632673311502231e+01
4.344576692899516956e+01 4.444863388603504006e+01 4.613555597266173436e+01
4.405142876014210174e+01 4.369669510986977912e+01 4.619508623201873831e+01
4.420667427516946191e+01 4.675186887298815464e+01 4.552721072663648272e+01
4.468315889062004942e+01 4.308642671449247530e+01 4.449794798791998574e+01
4.311796991170690774e+01 4.517158971716367688e+01 4.564541060551198370e+01
4.610765112214448891e+01 4.338094961039107034e+01 4.543843484743227634e+01
4.589501796686745649e+01 4.650892249890041796e+01 4.596259554455102148e+01
4.686718232658678573e+01 4.474793963191777380e+01 4.432018195026596175e+01
4.344376631096571373e+01 4.610705637501968113e+01 4.557472181485712781e+01
4.664009096656985776e+01 4.493416827016892512e+01 4.615866745368832369e+01
4.305230285406737778e+01 4.457850716506480637e+01 4.489046315912214880e+01
4.621367296930766599e+01 4.573164633903716947e+01 4.642035025421887440e+01
4.562149871897368314e+01 4.687727508905229001e+01 4.474198943539305162e+01
4.675383094920466931e+01 4.571832060178801527e+01 4.565371692841682716e+01
4.518993800485625911e+01 4.342807630544494657e+01 4.377675150962049599e+01
4.412924716869123642e+01 4.461624691422615285e+01 4.676600314677284587e+01
4.670509968735487405e+01 4.394636761570259864e+01 4.488704567817559621e+01
4.327061305566594740e+01 4.500605849184006502e+01 4.401268666328313373e+01
4.362685016599665744e+01 4.538610104476070006e+01 4.640289227100917913e+01
4.484846720999804859e+01 4.394849684607069662e+01 4.670624261010527789e+01
4.633549895905507299e+01 4.473648118590546119e+01 4.353678920678369479e+01
4.465932132364473262e+01 4.693139842519432392e+01 4.465598738503942400e+01
4.420711241568767491e+01 4.361104649960270763e+01 4.380289614366893147e+01
4.350453163299219739e+01 4.593030199292365268e+01 4.407547227150118374e+01
4.343273243293558039e+01 4.383035115407720639e+01 4.542602440313787326e+01
4.388824303580739183e+01 4.450374243469286739e+01 4.342293612071645725e+01
4.309966745190959614e+01 4.556842447450262767e+01 4.481360541036187328e+01
4.478523843833766449e+01 4.551557228343423134e+01 4.443493075342652077e+01
4.431466750156150880e+01 4.537108647906016756e+01 4.425759328023545436e+01
4.525385605328224159e+01 4.381610165294438275e+01 4.557552984171839938e+01
4.511291782078687618e+01 4.489396807613495355e+01 4.470158701458690587e+01
4.706298830929483046e+01 4.673602467344492339e+01 4.320684755041060754e+01
4.462517939907473163e+01 4.628290103308925296e+01 4.484560579531798652e+01
4.467370455662232587e+01 4.506235490625494577e+01 4.374925516753598487e+01
4.583930117282574201e+01 4.429651008367052611e+01 4.474840665223128156e+01
4.562153498187689138e+01 4.523697736471340392e+01 4.507810985881975085e+01
4.432227385362752159e+01 4.559276112205014897e+01 4.509648757038048927e+01
4.630067074794774840e+01 4.468464295101478001e+01 4.533995275533951030e+01
4.503582252920454465e+01 4.565394799877713439e+01 4.502254400935682099e+01
4.171364644531871591e+01 4.520964098656891395e+01 4.437786690047948923e+01
4.543552255214988378e+01 4.588169066478880609e+01 4.197413436312086787e+01
4.584682180003186858e+01 4.443930972933812740e+01 4.596404901853323111e+01
4.553256433337444520e+01 4.568046130782289538e+01 4.454041384291118533e+01
4.512328279378317575e+01 4.577845304407550486e+01 4.398548562574581666e+01
4.488872628426911149e+01 4.422753571917022697e+01 4.416665668946465217e+01
4.566818803424826001e+01 4.502801959055199887e+01 4.418335098634762659e+01
4.316397590865339851e+01 4.235598232153249398e+01 4.521824651495239067e+01
4.415610395795286536e+01 4.215175093812995044e+01 4.658611407495050827e+01
4.630095841283600322e+01 4.204767124401755751e+01 4.504536059956506477e+01
4.226139055024878388e+01 4.347455430060387727e+01 4.434702779163718134e+01
4.405908552834290504e+01 4.397129173457343398e+01 4.568748625938395946e+01
4.555958429158138756e+01 4.202130401633011303e+01 4.430945300804825848e+01
4.532170619549310686e+01 4.538428964202124405e+01 4.588080408070815963e+01
4.148253305108541866e+01 4.522413217436893973e+01 4.559418230174559028e+01
4.207150239588987262e+01 4.397487431954984061e+01 4.583112981216513049e+01
4.464671069563429029e+01 4.363339727049130090e+01 4.488222678455684189e+01
4.520221059928529428e+01 4.316640648456389329e+01 4.432318411795165503e+01
4.794171387549050678e+01 4.554098277330203359e+01 4.381250144967215476e+01
4.282839992921608996e+01 4.734857221278735295e+01 4.551845298538459872e+01
4.395830706073707006e+01 4.275488534216796666e+01 4.393449322466355511e+01
4.646873140683566561e+01 4.569580703922932940e+01 4.302967546103342045e+01
4.592197361866872285e+01 4.640013373998425550e+01 4.514756176524214482e+01
4.380586342209118556e+01 4.792655808998172517e+01 4.478549698061807049e+01
4.649277715778756459e+01 4.779761454695081113e+01 4.503775164277913490e+01
4.611084042708571928e+01 4.835377034118196349e+01 4.619951293556850658e+01
4.527319692567851206e+01 4.418016432609176292e+01 4.628508868927836772e+01
4.666615873628320799e+01 4.229732558931877406e+01 4.660691190975666132e+01
4.515958827609399862e+01 4.462184689834753470e+01 4.542525518350453240e+01
4.547891246432337198e+01 4.206082398813745726e+01 4.638836160214246007e+01
4.631100218423389236e+01 4.559727440182286529e+01 4.813874736857997760e+01
4.510136106419747648e+01 4.488774240781143021e+01 4.658613346328386484e+01
4.400677122888151160e+01 4.634522124306615609e+01 4.307443354720702189e+01
4.382333799685329723e+01 4.454262000467127791e+01 4.427943780929337692e+01
4.734752486321421117e+01 4.667364628565675844e+01 4.628203383064450094e+01
4.455081982703084975e+01 4.562223141999719900e+01 4.601519332401066720e+01
4.692431939660771434e+01 4.398636690585583153e+01 4.762977272169938203e+01
4.410604844413347791e+01 4.383766228298293299e+01 4.471684947885013628e+01
4.366158571293123458e+01 4.504300150103819078e+01 4.500159112076762113e+01
4.585587567313768176e+01 4.408390197077607553e+01 4.805148016916022868e+01
4.390826885386625378e+01 4.586672099727501717e+01 4.581388519822096583e+01
4.405966810195248939e+01 4.491413252752465723e+01 4.568852138157584619e+01
4.566547314789766432e+01 4.620739615632049180e+01 4.460316792854584378e+01
4.589068309054462702e+01 4.509491069215409453e+01 4.624782474614666228e+01
4.468029358062228340e+01 4.448164786652153424e+01 4.617365547990179664e+01
