5.223095968054823901e-01 -3.158393629547475712e-01 -6.847204639193179787e+00
-6.661464837584247789e-01 1.275466430367812043e-01 -6.672583196477930301e+00
1.770057245937619039e-01 6.701893907448081000e-01 -6.631063182186807126e+00
-2.524954747836432034e-01 -7.352252798873877282e-01 -6.374040101291072347e+00
7.103805247203826001e-01 -6.838798260396430351e-01 -5.540211417404165672e+00
-9.109030466099738987e-01 -2.891656084588589692e-01 -5.682060468296825206e+00
-8.434316990822310345e-02 -1.147582629804730914e-01 -4.864530477541023856e+00
8.542362153137951220e-01 1.729472365061736350e-01 -6.036193369090341321e+00
-6.407366002957672890e-01 6.649933975628736782e-01 -5.824236014423775032e+00
3.103205670103996727e-01 9.138057451825156718e-01 -5.639194530774176428e+00
-8.817692525106934909e-01 -7.237067406657757829e-01 -4.670618915200520860e+00
-2.454415078951228679e-01 -9.834280158457175958e-01 -5.404465946136198795e+00
9.039414288977543066e-01 -7.284517843502555934e-01 -4.534302875004257771e+00
-1.082316325174048188e+00 2.710992162241179226e-01 -4.830749850353782904e+00
1.066415783795759076e+00 1.625208450676202954e-01 -5.052662977256844101e+00
-3.954708234634551900e-01 1.027607179414189886e+00 -4.920800239895328332e+00
-6.414865727048493227e-01 -1.097951677225012190e+00 -3.645766572525388938e+00
9.663889682873579023e-03 -1.173092746617328430e+00 -4.448692469166232399e+00
-1.218036816256159227e+00 -2.903916501533245764e-01 -3.823093474806157133e+00
-2.166628913506229992e-01 -1.921044298355241153e-01 -3.756522327104264036e+00
1.212845698769560610e+00 1.669624967709762153e-01 -4.059627322878327504e+00
-1.026140791745646652e+00 7.073033882574860653e-01 -3.874637472819287609e+00
5.851319868465383323e-01 9.787181835592817514e-01 -4.673503765934711396e+00
-3.051646367942453253e-01 -1.323244869416114966e+00 -2.676068352184671539e+00
3.468990325117264351e-01 -1.238704410475492068e+00 -3.503329962421489086e+00
-1.118102144500369377e+00 -7.535594672628462831e-01 -2.804609002091424941e+00
2.274895375028881672e-01 2.618538523368824644e-01 -2.977725460951987202e+00
1.134503491940248576e+00 -6.309395663500652063e-01 -3.383961637727992411e+00
-1.322105776076568873e+00 2.204448830826647165e-01 -2.905978183024060968e+00
4.022171065631605646e-01 -3.069094035573556312e-01 -1.131206362134037136e+00
-1.550723711983437170e-02 -4.796912441521925530e-01 -2.215473334171647934e+00
1.284153388908698679e+00 3.351059827168728078e-01 -3.065172154509369307e+00
-7.991282072629815048e-01 1.074071163020094755e+00 -2.925986845869559261e+00
-1.698146762387722220e-01 1.225220855159703248e+00 -3.954763602230244146e+00
7.853046563618466536e-01 9.948793731485306990e-01 -3.684492647090564788e+00
4.816774930853344183e-01 -1.361952258354492074e+00 -7.787484240364790367e-01
-1.382509984128702740e+00 -2.417898001731941804e-01 -1.941208847735907739e+00
-8.612517927455627387e-01 -1.113833703307463452e+00 -1.851667808807818005e+00
9.846662891848302623e-02 -1.410337428048492825e+00 -1.728227813745419894e+00
6.795222149591818583e-01 -1.186795551548598837e+00 -2.540859753872624083e+00
-1.189759333612357750e+00 7.344920934742542595e-01 -2.041468715046022453e+00
3.815446235579958989e-01 2.585040802618777667e-01 -1.224005780107404462e-01
1.310815586033336588e+00 -4.207405539054320798e-01 -2.404249377982054625e+00
-1.391077089031895753e+00 3.622864698014968687e-01 -1.078001138607490361e+00
-3.974974091604650539e-01 1.343779441819906717e+00 -1.982829047139105683e+00
1.285500488118524354e+00 5.451066298336637583e-01 -2.076559588024565528e+00
1.080632449753656132e+00 9.457837920655455255e-01 -1.127820966073514342e+00
1.689824733215432861e-01 1.324664741062943518e+00 -2.966954673373010110e+00
-5.165615708809525586e-01 -1.345648021822910323e+00 -9.263724235671730867e-01
8.450068298445446713e-01 -1.180348384002300577e+00 2.401075317113970375e-01
-1.271963800652500254e+00 -6.732262826344168616e-01 -1.016400404305713323e+00
3.668567558623678226e-01 4.336329721308910257e-01 8.772486336598879220e-01
1.003243153208981608e+00 -1.006097606871207972e+00 -1.564415888818771805e+00
-1.449104069205347400e+00 -9.352111944097885043e-02 -1.418810277235564854e-01
-2.554388472975546165e-01 3.566447390073669843e-01 -1.516536921699838558e+00
1.424325291758253620e+00 -1.205216302803790995e-01 -1.336457545571008154e+00
1.419143234843871726e+00 2.979453726198802443e-01 -4.239195480991355680e-01
-8.070407329192050838e-01 1.189769700029756017e+00 -1.071459409675824759e+00
6.011456226938952652e-01 1.266762103021889629e+00 -1.967022333315085802e+00
7.218121024106939343e-01 1.259852781592270654e+00 -1.765157655364362199e-01
-1.075374072840986628e-01 -1.448273235567356210e+00 9.488567903394375114e-02
-1.024649625373413642e+00 -1.029096469240158740e+00 -1.099895763417180206e-01
-2.286341171142538542e-01 -3.945310447208925098e-01 3.544467107046114784e-01
-1.342062690624743482e-01 5.211330600283842207e-01 2.147622093204483829e+00
1.246581432814144907e+00 -7.372917755619425861e-01 -5.651036730493501636e-01
-6.346988427445836578e-01 -1.859595427288240899e-02 1.264530467463380603e+00
-1.116568913677568275e+00 7.613536945368681863e-01 2.763972985266150317e+00
1.802750342869683386e-01 1.426403498144250603e+00 -1.068177905892127910e+00
-1.163339737605795676e+00 8.687762450791803870e-01 -1.847178730172061023e-01
-5.667113262312852839e-01 -6.683578306615345355e-02 -6.348872970716996633e-01
3.641576832419247123e-01 -3.464287125100753428e-01 1.521948590308653815e+00
1.245429914499498913e+00 7.409373555749647622e-01 5.013363621087719713e-01
-2.985205777914217151e-01 1.421020368467884376e+00 -1.627586110667209596e-01
-6.797785817814769871e-01 -1.271088459195127029e+00 9.240322097749649188e-01
3.011839766978247068e-01 -1.405831881807031891e+00 1.068827117511332636e+00
-1.340931436552835976e+00 -5.390740385782351041e-01 7.474740157599073509e-01
2.208201689664693324e-02 -1.345566270290802890e+00 2.837948119295954807e+00
1.407450222238661341e+00 -3.522274115920396298e-01 3.451404041305154990e-01
-1.368949166372132709e+00 4.619688899710576724e-01 7.698897191065083856e-01
-1.212912129137464490e-01 -3.010058831601298834e-01 4.009988961888188541e+00
1.760713778521588169e-01 -3.749064174327543242e-01 2.512170776170359776e+00
1.427938777976551776e+00 1.078949924285831086e-01 1.259282390246480476e+00
-7.403670470782088842e-01 1.241453769486752456e+00 7.355338701796193535e-01
2.458581772526984011e-01 1.424077415080704734e+00 7.520495170976857491e-01
9.281669222830674082e-01 1.083646037420509689e+00 1.409638118561791664e+00
-3.157453194082364689e-01 -1.370363917585578406e+00 1.886222390380605907e+00
-1.141663359390008736e+00 -8.358969222150847145e-01 1.701719809825466001e+00
-9.116543561669061546e-01 -1.004561666354234717e+00 2.695385426493569270e+00
6.660792881744902472e-01 -1.230270340666024254e+00 2.026743139173355246e+00
1.144119071325481629e+00 -8.658558660426933784e-01 1.169629237802580990e+00
-1.392628567137677464e+00 2.928764583137746444e-02 2.136662709797367832e+00
9.361424311699358958e-01 -9.541694728995366859e-01 2.950941650417310047e+00
1.314683922553419038e+00 -4.663561534413531717e-01 2.100920544068159312e+00
-1.117601747005835477e+00 8.705058369194124124e-01 1.664039799562727850e+00
-2.907570754435226945e-01 1.308124424685966902e+00 2.909822862346616024e+00
4.879735259449741180e-01 1.295489886750266662e+00 2.282407607102859171e+00
1.283522141773591363e+00 5.349942419897431023e-01 2.178106253592166031e+00
-2.614387341685642241e-01 1.394123070802254949e+00 1.622047404904753964e+00
-6.254944246632732074e-01 -1.105954064306459372e+00 3.655485384086919698e+00
3.717712241657246119e-01 -1.202148846879936173e+00 3.768214001447554029e+00
-1.158214095887615258e+00 -3.650262623957871710e-01 4.139193299182546859e+00
-1.590818084206091498e-02 3.257524844304637845e-01 3.218844818827909737e+00
1.129961174836869864e+00 -5.178692361036638658e-01 3.903244819480263583e+00
-1.310421034636931381e+00 -1.838690572105150522e-01 3.110348337085577342e+00
-4.825546250840062612e-01 1.087684203985945119e+00 4.326644655334435541e+00
1.123636407364557721e+00 4.953776203705823056e-01 4.029299267891357950e+00
1.331541971339290198e+00 -3.697395535412795198e-02 3.007260304915125193e+00
-1.124543361948482811e+00 5.693288951370619744e-01 3.748968879212832839e+00
3.032096042141811387e-01 1.226560070033594130e+00 3.721313255457818325e+00
9.785320470588004804e-01 8.971540925215476525e-01 3.060485088977545232e+00
-2.912450077172934471e-01 -1.109890450318289368e+00 4.625856585402883248e+00
6.881672154940581265e-01 -9.006161611799115008e-01 4.718294653230826974e+00
-1.048150826170811456e+00 4.005552326105432659e-01 4.791018313856597821e+00
5.074552941001491541e-02 4.064692391279424444e-02 5.028508409353841024e+00
1.093415548444493401e+00 4.685613342138789800e-02 4.960738097210559694e+00
-2.462222472046136090e-01 1.003919431413853758e+00 5.300807707049275841e+00
5.779881243386268963e-01 9.732229569541259728e-01 4.728156557146813377e+00
-9.218908633929459029e-01 -5.269843570860217596e-01 5.148084723755483871e+00
5.064260873153653142e-02 -9.801477054738541028e-01 5.562283438652742440e+00
8.213351653304888922e-01 -4.082600962808982104e-01 5.850808103823911921e+00
-8.572540016595837642e-01 3.695737467000718701e-01 5.780715886006229987e+00
7.136919753871018290e-01 6.372694695954027599e-01 5.677052247756494197e+00
-9.333252599961383567e-02 8.029979186458524598e-01 6.268980601730720359e+00
-6.470623175078173972e-01 -5.443334257678031918e-01 6.135201278630384003e+00
2.197537562810510103e-01 -6.602811290967451896e-01 6.623365331013121526e+00
-5.867697669186071607e-01 1.566971510016553770e-01 6.854511119691669485e+00
1.476692794713241053e-01 -4.918374778588940899e-02 7.502483757693268807e+00
6.594650527046171939e-01 2.382704276661121168e-01 6.608263906568066837e+00
