1.535790824802370919e-02 -5.690016773292683183e-01 -7.965530168372040976e+00
-4.551760588464333068e-01 3.132449031406575601e-01 -8.019152930867420537e+00
5.339658328300155299e-01 2.985051647839222499e-01 -7.819625424680168635e+00
2.023442853459629376e-01 -2.491736261654295959e-01 -7.034780736826832026e+00
-8.625842601155540024e-01 -2.195551508616375713e-01 -6.478975449893113137e+00
-1.233513104635619584e-01 -9.026648999280553198e-01 -6.343928118411369610e+00
9.062385940172832388e-01 -1.489199175489090976e-01 -6.295221479875834802e+00
-5.618658321533445132e-01 5.539874831203547290e-01 -7.053872497305235356e+00
4.454170711561408202e-01 7.225941913498933333e-01 -6.727986736880993135e+00
-3.417048842746623905e-01 8.824000583189376412e-01 -6.103092770249816112e+00
-7.526459624234860257e-01 -6.770117678155571639e-01 -5.595765475944247669e+00
5.777898935761018873e-01 -8.265451958433800428e-01 -5.627647036180647433e+00
-9.672060559445725403e-01 3.094713190425300575e-01 -5.569314977901299812e+00
-3.435042928728648803e-03 -2.549626658107229105e-02 -5.461029484670490319e+00
1.048941197358974398e+00 -4.219707575913389519e-03 -5.277466024810593126e+00
-2.513745161079725676e-01 1.035890583201699577e+00 -5.118826664546503480e+00
6.183074449499147418e-01 7.819659750331029446e-01 -5.721553224684697625e+00
-1.041036449283069487e+00 -3.954519942998047100e-01 -4.630216245327829938e+00
-1.113886406719046818e-01 -1.078343922006695266e+00 -4.941177287160599008e+00
8.209755188660929903e-01 -7.500163096586192069e-01 -4.648079521341585973e+00
-9.430080596342946819e-01 6.136626547476141669e-01 -4.501106537030025834e+00
6.666279602807179128e-01 8.811326186012491402e-01 -4.725067036336128012e+00
-8.733881142171640022e-02 1.152835003602147523e+00 -4.124674433573417787e+00
-7.581228013437879554e-01 -9.036990684627284054e-01 -3.808103693126369649e+00
1.990915030422496790e-01 -1.150519845258770602e+00 -3.973621535301305130e+00
-1.201023545026401962e+00 -6.590308097194963466e-02 -3.458624471314166726e+00
-6.434499190514486600e-02 -2.199453973799734285e-01 -4.426270194736900976e+00
1.137613446598675360e+00 1.228679039787217708e-01 -4.274252164970988588e+00
-8.323214406672718724e-01 8.648728395212236242e-01 -3.498423140269579790e+00
7.907752215462592327e-01 8.833231417433076160e-01 -3.721841201258143883e+00
-4.153934206035359011e-01 -1.199538184111673900e+00 -2.100512301252337011e+00
8.222270807685414518e-01 -9.391107114062720029e-01 -2.619838184449378105e+00
-1.071061800110811646e+00 -6.392548090694560869e-01 -2.638730435700608723e+00
-1.177165528713004505e-01 -9.822534266166940142e-01 -3.039115148653877441e+00
9.995451040954641542e-01 -6.472221964500732838e-01 -3.644641821185587105e+00
-1.244133376539764413e+00 2.415104382415615425e-01 -2.157055859612043491e+00
-4.031561801626253327e-01 1.022319076713048280e-01 -2.724556874713499610e+00
2.795761011703640775e-01 6.418183325051310395e-02 -3.455430204852234510e+00
1.234471364547038652e+00 -1.219727972656414750e-02 -2.901541745317729237e+00
-7.230519381366775633e-01 1.024079000849717591e+00 -2.498403364942930693e+00
7.798499452195947756e-02 1.221668492976044851e+00 -3.096583393591558320e+00
8.826915273464894796e-01 8.876703883671289708e-01 -2.538808777551551543e+00
-5.088851380479013642e-01 -1.192626295221032251e+00 -1.099027524251752652e+00
4.928927097252086553e-01 -1.185438985849074811e+00 -1.651162940385418665e+00
-1.131659935201668077e+00 -6.071095440431975021e-01 -1.636819252177602380e+00
-3.720836438476453623e-01 6.251443144772933502e-02 -1.594577186513674860e+00
1.196591392438236312e+00 -4.600281859966628417e-01 -1.715854868333380523e+00
-7.651458957137009520e-01 1.037082744539186585e+00 -1.462951170284142677e+00
1.071123771144804476e-01 1.268836638919863535e+00 -1.988661849574995699e+00
-4.611685495093951204e-01 -1.222611697348355619e+00 -9.702855758021655674e-02
3.810340977672571627e-01 -1.246433514867433701e+00 -6.380527730645439988e-01
-1.149924044405480572e+00 -6.147506721279398789e-01 -5.832996711679356849e-01
3.636790848202927640e-01 -3.056057996462442361e-01 -1.018004562505680610e+00
1.135143364529189958e+00 -6.450410976321734324e-01 -3.729809833906045924e-01
-1.273168006639906480e+00 2.466793877706882077e-01 -1.088835422681995624e+00
-3.995433745293439642e-01 9.970127193110711605e-02 -4.733276373001160664e-01
4.551305822201678897e-01 5.567823912690607335e-02 -2.170179559114586709e+00
1.284599297773208137e+00 2.008733840964893325e-01 -8.859473635049823770e-01
-7.879286686026318876e-01 1.041482026723373311e+00 -3.135519836073683564e-01
5.960192677611411000e-02 1.297753197852391738e+00 -9.563433165219237253e-01
9.161645316254323212e-01 9.041740325473806017e-01 -1.525890357801202413e+00
-1.118656824487388235e+00 -6.726390318054598083e-01 4.187793446611071113e-01
4.216381384590663362e-01 -1.235444713938832706e+00 4.040604027045529012e-01
-1.288159025177222361e+00 2.197661345599575544e-01 -2.196291415656048684e-02
3.346287547355017988e-01 -2.499854951798852198e-01 1.284236616130705333e-01
1.279490395066326558e+00 2.650270990974858409e-01 1.224968976628623418e-01
-8.454512436603920378e-01 9.912448670649816052e-01 6.874734082146659597e-01
8.545374729649142242e-01 9.866214960023697023e-01 -4.286225752553747270e-01
-4.400168490568745483e-01 -1.222762103308369319e+00 9.309600478310836591e-01
6.261452443414330382e-01 -1.127021459375455947e+00 1.443301330583878217e+00
-1.051770950119916392e+00 -7.396409324867363466e-01 1.579022690763029590e+00
3.532514349142586996e-01 -1.909206317747162984e-01 1.198110721050233085e+00
1.160027531994192396e+00 -5.944374504472449416e-01 6.295174138611226988e-01
-1.276714959852952802e+00 2.005677752991884277e-01 1.310198038539179377e+00
-3.413103368369405644e-01 3.801959244507939206e-01 1.643276466703667449e+00
-4.794827730725472748e-01 5.405887609942404415e-02 6.924408879281950258e-01
1.264904446663076110e+00 2.525477137268594130e-01 1.418783639411922204e+00
-9.102830919573534629e-03 1.295669744322279326e+00 1.149589809085913794e+00
6.207141270356433121e-02 1.305107656748465850e+00 1.518920359334605119e-01
8.481407256368632686e-01 9.887481205748778201e-01 7.003177005584165782e-01
-2.378726113055193991e-01 -1.252759242522529348e+00 1.935247824222381618e+00
1.152384686976925865e+00 -5.358651564761629515e-01 2.059746939428366730e+00
-1.200290487923155069e+00 -3.592197184104009011e-01 2.514916000074626456e+00
1.208098277722547270e-01 -3.419175346153195960e-01 2.158970148726398808e+00
1.188651491056779586e+00 4.085359463642963540e-01 2.421474606363383852e+00
-2.864861209807685327e-01 1.233987564392809322e+00 2.171838796034995855e+00
7.441040606060357332e-01 1.042415495362827071e+00 1.757258400655738795e+00
-5.819664922247937966e-01 -1.088275978369182440e+00 2.909728712942770468e+00
5.176640337582382179e-01 -1.135665713708220892e+00 2.622244848815573182e+00
-1.084617895071758653e+00 -4.995430766426522950e-01 3.594259297825296962e+00
1.111776550051879753e-01 -4.339812890707008819e-01 3.263884485173100813e+00
1.138667101904312862e+00 -4.287861549686198259e-01 3.228079806309681832e+00
-1.114540455365272464e+00 4.782904761404411786e-01 3.294559230191716370e+00
-2.460747621841790078e-01 4.060742848912317071e-01 2.755247630182736440e+00
-3.954178798673524398e-02 1.516197082084158876e-01 4.172418390054784432e+00
1.059192995010968641e+00 5.776093646499804724e-01 3.400326926927916382e+00
-1.104238489814619584e+00 6.128113444885905370e-01 2.274130893423314870e+00
-2.827951056580531031e-01 1.173058269685124833e+00 3.396838291233634788e+00
5.274725208665662635e-01 1.124413441779354317e+00 2.751762244320779427e+00
-2.974089192772311208e-01 -1.136134023834642903e+00 3.880668457516246228e+00
6.746836711240215001e-01 -9.478302611233146990e-01 4.029497984374187602e+00
-1.121443578078370251e+00 2.210028718281402960e-01 4.289142949252498838e+00
7.594939792548106861e-02 3.568805204714347451e-02 5.167165182362530196e+00
1.151335227953260709e+00 -5.780868967444519058e-02 4.167484191070070842e+00
-5.142363492552419757e-01 1.014451710173607024e+00 4.357702915728830284e+00
5.377759486584133830e-01 1.021737711716888652e+00 4.144108175571730612e+00
-8.731478917883066515e-01 -6.945899985839076862e-01 4.606855681327221674e+00
1.377328543989725720e-02 -1.093080143410858796e+00 4.848512653185153454e+00
8.885878228527236411e-01 -6.190495325978275787e-01 4.952406856712926242e+00
-8.999751090025256417e-01 5.523017454916526736e-01 5.213222482021490300e+00
9.697323111726803280e-01 4.667503288658710336e-01 5.019425452192396442e+00
1.416795144607471413e-01 1.057219029817044742e+00 5.111993028776174341e+00
-6.193784076444899256e-01 -8.042551375371544964e-01 5.572621651115578167e+00
3.518988973215388394e-01 -9.242988977252650784e-01 5.783786135949258167e+00
-9.534575914768197435e-01 8.056582874473626824e-03 6.051193705951972035e+00
3.777586547696781122e-02 -4.647485154193020662e-02 6.171755937495657207e+00
9.755399040816814527e-01 -1.285698774356376362e-01 5.823112430397175743e+00
-4.211975054234500249e-01 8.556132377641847420e-01 6.049932229946429985e+00
5.735882354810764028e-01 7.754421827203088480e-01 5.970448572356844785e+00
-4.248235542631562112e-01 -7.333165343552678905e-01 6.735854501011055540e+00
-2.599374424406164508e-01 -5.419202403603833318e-01 7.857587135043638149e+00
4.754358727805896856e-01 -6.043188135845269926e-01 7.155060349484380744e+00
-7.505440705469652585e-01 7.644164769953799843e-02 7.225472538245576004e+00
7.695705488805214545e-01 3.029167297854278296e-01 6.851383289611032268e+00
-8.958523925065264848e-02 7.936691412916891952e-01 7.003827907345343107e+00
5.754513523212685389e-01 1.763370006425484058e-03 7.944925321616120861e+00
2.904612995730536731e-02 -9.031140155255457103e-02 8.825778979817377135e+00
-3.171955457699340286e-01 4.399188860380418009e-01 8.051015794416137794e+00
