-5.351230636354955550e-01 1.124275397889194644e-01 -4.362979477376939030e+00
4.473737404017913977e-01 3.113870672484885249e-01 -4.364120097462645731e+00
-7.795824985175556776e-01 -7.223795787162572424e-01 -3.830306018283167191e+00
9.485356486951035393e-01 -8.225340368998814711e-01 -3.510560409665401949e+00
-1.189121327338369838e+00 2.103406254117998198e-01 -3.597807792013767880e+00
2.074305122856671679e-01 6.658436377264684292e-02 -3.411303337231643695e+00
1.189418307922882168e+00 2.147618349401216875e-01 -3.595920858210021720e+00
-5.178221967986331720e-01 9.813938210588777356e-01 -3.759905877377477168e+00
5.192747918254410067e-01 1.075331641744824429e+00 -3.621298932452191366e+00
8.978102202411884086e-03 -1.289107935890640988e+00 -3.445903918248006903e+00
7.220865153357374222e-01 -1.427027985227312001e+00 -2.677029177004456528e+00
-1.497349953091514863e+00 -3.956585450083309752e-01 -2.828978564667210094e+00
-4.138624568015814020e-02 -6.801212111773793367e-01 -2.650950014399199972e+00
1.444582873057804528e+00 -7.390572336595795377e-01 -2.602176286019087570e+00
-1.512751589887756154e+00 6.024674788331553232e-01 -2.583574091705017395e+00
-5.438745668406994582e-01 3.403552918709323305e-01 -2.784294621137036074e+00
5.978440512416449693e-01 2.668784695036481303e-01 -2.208048970592699334e+00
1.580036381795020928e+00 2.509994686533814634e-01 -2.675368416072430477e+00
-7.933720106361903390e-01 1.353242495647285715e+00 -2.770700004491004620e+00
1.929284175167358117e-01 1.585254603333757117e+00 -2.684443905689732901e+00
1.095803582583152691e+00 1.120364087579468482e+00 -2.775158007459850751e+00
-4.023519708851637233e-01 -1.850884276400904582e+00 -1.324819021593754087e+00
-2.069519248910864917e-01 -1.669220770657858566e+00 -2.396015197588795331e+00
5.958910990516439465e-01 -1.769399459879011260e+00 -1.513296471026123413e+00
-1.413232601778005915e+00 -1.056259044871310948e+00 -2.061490134569240240e+00
-9.135863324390669504e-01 -1.205326448327994626e+00 -2.930388429416211693e+00
-4.585769871478646564e-01 -8.687284930466603328e-01 -1.695301253952138154e+00
1.461339680085906423e+00 -1.144427127281971934e+00 -1.582269084129507064e+00
-1.849077497031515804e+00 -2.882776176511328003e-01 -1.484662706000420940e+00
-8.824254740311801015e-01 1.288038122668204999e-01 -1.815493356487422716e+00
2.099349034162100933e-02 6.974183258267821093e-04 -1.314574443705339490e+00
5.728025969273095042e-01 -7.123485418633066502e-01 -1.784078581077920944e+00
1.804625070804767528e+00 -2.015533602640999788e-01 -1.811320362185909971e+00
-1.694106006058305525e+00 7.486357358850849186e-01 -1.606613989343728122e+00
-2.069620574599042584e-01 8.502749317994193756e-01 -1.977914892369753375e+00
1.041726451330104997e+00 -1.079380026759650946e-01 -1.139688482533628644e+00
1.613195888033040815e+00 8.329849269070794815e-01 -1.812818475505338256e+00
-1.031066938454685555e+00 1.495499386880435377e+00 -1.807945699746824175e+00
-6.417440685601150108e-02 1.834973135612522066e+00 -1.700684447939892152e+00
8.821322965922774317e-01 1.568185411197738244e+00 -1.896263879748886438e+00
-1.347451410150156903e+00 -1.376650613582242499e+00 -1.052672837274172934e+00
-7.248112264229291668e-01 -1.835516684178500668e+00 -3.781410467247212637e-01
3.168611537852337734e-01 -1.939364694012581936e+00 -5.621805104171215817e-01
1.235524234671213861e+00 -1.519932407316943568e+00 -6.681860013240878970e-01
-1.857682700900113559e+00 -6.476571746865573687e-01 -5.188629944018430251e-01
-9.303208267237579321e-01 -3.810322715254272907e-01 -9.429110782377705391e-01
-8.659525311571769635e-03 -9.822796985949082682e-01 -8.045573043918494704e-01
8.145073865350540565e-01 -6.626901563245297666e-01 -2.881547736169949303e-01
1.841405298652026845e+00 -6.478340762638055139e-01 -7.644625154935908995e-01
-1.923689831513385684e+00 3.595719178546861738e-01 -6.945631164299044258e-01
-6.514988994368877684e-01 6.711267159532191551e-01 -9.749153320450147930e-01
8.898078856534452630e-01 3.805439616773014233e-01 -2.448868675416804308e-01
1.897725921028886820e+00 4.089157367975295720e-01 -8.969473896625288489e-01
-1.422803886616762270e+00 1.328820668119573778e+00 -8.314062610222947569e-01
4.622526824984168892e-01 9.057945134213473137e-01 -1.155999663354876361e+00
1.366099512541939287e+00 1.365687255599907557e+00 -1.000118360232463033e+00
-5.521845471515121062e-01 1.867460856164658178e+00 -8.244741249269083028e-01
4.813983950467939921e-01 1.885370657092504620e+00 -8.432258416236635412e-01
-1.028891096427429375e+00 -1.671773497177071022e+00 5.988140284118316226e-01
-6.666284078256978773e-02 -1.972736247669914178e+00 3.664110792236676684e-01
9.249699479983012340e-01 -1.746286441757419539e+00 2.953054944435041795e-01
-1.719074841526420983e+00 -9.638641707206119236e-01 4.434663943004437114e-01
-9.879116396010232393e-01 -3.242545804382217511e-01 7.785068790202445133e-01
-7.514316194961310202e-01 -8.802142167745472534e-01 -6.330703149079397463e-02
1.687349104165197122e+00 -1.033350253503883209e+00 1.879557022669879618e-01
-1.977046668891702552e+00 1.570481198636670961e-02 2.585644310500487819e-01
-9.593500289962264560e-01 2.079877244692535931e-01 -1.281526392602927444e-01
6.573779865702501952e-04 -7.528884059813378826e-02 -8.633429158993521924e-02
1.478059758089154685e-01 -1.034709099027921297e+00 6.746026911600460085e-01
1.979795581465340293e+00 -4.460028503599744454e-02 2.361223925321584080e-02
-1.703327689173065096e+00 1.009110331915166414e+00 1.038486869882274538e-01
-1.772088715546260573e-01 9.251277087856260017e-01 -7.858437799005457691e-02
9.686917078513390678e-01 -1.798649003294343629e-01 6.632320256598794872e-01
1.721756313469234412e+00 9.777746311148052261e-01 -7.922592479698664647e-02
-9.928239961322589124e-01 1.712972230120878514e+00 9.477124591012034416e-02
1.582003114067442122e-05 1.980121454177325546e+00 6.481302747618379601e-02
1.004839569307332203e+00 1.706411343163020122e+00 2.719644323402045302e-02
-1.432559941204601728e+00 -1.212414644636155003e+00 1.448876793223486947e+00
-5.362259570942882192e-01 -1.795879745487681589e+00 1.465918714587103322e+00
4.807873844353544590e-01 -1.847313836637695772e+00 1.208535804595462615e+00
1.384093825897545704e+00 -1.331669837750212082e+00 1.105585573409983091e+00
-1.869455423596065202e+00 -3.195116792420549245e-01 1.306261604632487972e+00
-8.466750797969666564e-01 3.631865582418260519e-01 1.545233875274420354e+00
-3.907084654696291182e-01 -7.663190992613522212e-01 1.546355115034776073e+00
6.697815043148620529e-01 -6.661826576637395192e-01 1.498917882719420724e+00
1.882520128575384311e+00 -4.420898674043769461e-01 9.788877058014336940e-01
-1.812640486991767830e+00 6.570498200503368524e-01 1.036108149836659109e+00
-8.244323631000867181e-01 9.105431129387462352e-01 6.957584521564503799e-01
8.002062699188970951e-01 4.268792766387402016e-01 1.508721750018186869e+00
1.861794601868425714e+00 5.696422156980691653e-01 8.293834260739675335e-01
-1.294697360122967211e+00 1.322280797354601578e+00 1.616043672699082334e+00
5.509289941649945233e-01 9.065588865834447452e-01 6.463512348959608023e-01
1.330806739192591737e+00 1.393762747277268454e+00 1.045589062162712857e+00
-6.092382240701255114e-01 1.828079947584286158e+00 1.047044022645872152e+00
4.164066285500780396e-01 1.883838260496701222e+00 1.023716384158270154e+00
-9.642704135970632251e-01 -1.400986156310480624e+00 2.325395789087810527e+00
1.050299751471119730e-02 -1.703159951422875906e+00 2.316020042360095399e+00
9.500829086666433554e-01 -1.495850095080797360e+00 2.026376622166047969e+00
-1.615770968706769395e+00 -5.936317189829765084e-01 2.244296952013434154e+00
-2.625533519892400136e-01 4.917879567263317986e-01 2.633674290226168946e+00
-3.861268424179371550e-01 -5.041000651932705523e-01 2.556630138149603937e+00
1.625163272613244558e+00 -7.511725317347384134e-01 1.940015322536041920e+00
-1.711428568650518400e+00 4.101750636811731798e-01 2.081374131477709444e+00
-1.461323008588948369e+00 1.644920978170462678e-01 3.040331099874382659e+00
-6.855689253325181198e-02 1.425613917975231404e-01 9.340786093897711639e-01
1.506233734697096649e+00 4.480193188580465780e-01 2.762385363256258053e+00
1.800146279699576857e+00 2.281543492850149069e-01 1.818149691884648034e+00
-1.192714085670090185e+00 1.101352787342518846e+00 2.599631617901838165e+00
-1.877576478911180402e-02 1.000832377860624067e+00 1.506509350022454896e+00
5.868071998931273514e-01 -9.589188725493613674e-02 2.337807105234410265e+00
1.363396436999543937e+00 1.128663778888894242e+00 2.036067070046083671e+00
-4.990937878663856964e-01 1.670756923454884690e+00 2.151767769140426001e+00
-1.636696946289930565e-01 1.442000924333171064e+00 3.088657394037969350e+00
5.138490077389559207e-01 1.693288624414321264e+00 2.037961057088291117e+00
-2.950262965882615163e-01 -1.340945725934403754e+00 3.271227502129312459e+00
6.831936468833874621e-01 -1.329679954117082730e+00 2.977214742821026494e+00
-1.172065974991085113e+00 -8.174841032564614807e-01 3.142736482761793848e+00
6.865263722516110056e-02 -9.066390179580707809e-02 3.423687007145265415e+00
1.399046060815454240e+00 -5.551001421106036560e-01 2.950032821755648627e+00
-1.017429465868602279e+00 -1.570989121387924570e-01 3.877847089682755488e+00
-3.821872579216005761e-01 4.793913752188000421e-01 4.316436166735994284e+00
4.905646702773955870e-01 -7.722559845504406439e-03 4.397938085206407166e+00
1.132089021155831210e+00 2.598532788379303016e-01 3.676618423260261892e+00
-9.032782750616803469e-01 8.474106430490586650e-01 3.542050995980927652e+00
3.936616936714761317e-01 9.745069779529597076e-01 3.847379685860955245e+00
8.646743477970688652e-01 1.254656500378276807e+00 2.899405993401390269e+00
-1.920132675761436758e-01 -7.697890837071952319e-01 4.159237968890956871e+00
8.148347303341393344e-01 -7.382054524603631762e-01 3.775505585899825878e+00
