2.578477707823224052e-01 -1.052141098802408692e+00 -4.636682712110484772e+00
-3.028219219721535183e-01 1.851521351279965255e-01 -5.985749494769251555e+00
4.425216975229935845e-01 -4.534066555505660290e-01 -5.662267854682369261e+00
1.011250861558016467e+00 -2.733333769167529681e-01 -4.747689626349000491e+00
-3.346950072711649682e-01 8.359984378685272333e-01 -5.143831887956324067e+00
6.195557203900997623e-01 5.346596040045752396e-01 -5.328295533965516029e+00
-8.737224204584492782e-01 -8.010920010961797288e-01 -4.281316371399967124e+00
-1.290109785047377500e-02 -7.194817641789086338e-03 -4.415697826125565939e+00
1.252453036968480982e+00 -4.022832793135791007e-01 -3.725457587388007141e+00
-1.016769797356545268e+00 1.387008479831266516e-01 -4.811064337673101932e+00
1.096972668210396407e+00 5.552064845874167265e-01 -4.107704867613378497e+00
2.783036236647892792e-01 1.142370395794945592e+00 -4.317395302954153635e+00
-3.970028695436269572e-01 -1.293534006850478590e+00 -3.536366769352042638e+00
5.892300228058549028e-01 -1.182585536726335818e+00 -3.697382436632096869e+00
-1.293870515634026219e+00 1.755497313488607602e-01 -3.772081158097222442e+00
1.877262045808105739e-01 3.985252652050431665e-01 -3.502545622915221202e+00
1.419550136032284415e+00 2.809777967066464655e-01 -2.984094633725945300e+00
-7.385012590346349270e-01 9.829116553191593608e-01 -4.107877862860107143e+00
8.556348698155430421e-01 1.147392557004948133e+00 -3.086518993082009388e+00
-7.897199198952193910e-01 -1.286482036679146290e+00 -2.525680369553114701e+00
2.380125244089569547e-01 -1.469634924266742360e+00 -2.688906352277811607e+00
-1.204108493542278779e+00 -7.114546028941362010e-01 -3.285279563113860490e+00
-2.626856135260169367e-01 -3.703565506712465094e-01 -2.972332886598920254e+00
1.123462613432622881e+00 -9.350679172576974452e-01 -2.885143868548823320e+00
-1.443063113913993334e+00 5.308444392533316902e-01 -2.282310401252232168e+00
-2.204780242943940038e-01 6.077043170699791830e-01 -2.581336812731152008e+00
6.753812205628532128e-01 -4.090724829907799176e-02 -2.393399777760834013e+00
1.560333088234458820e+00 1.860552985669634285e-01 -1.942177405507180765e+00
-1.055790953958918976e+00 9.615159744245053153e-01 -3.107309502841729909e+00
-1.345239954674752880e-01 1.382818552564108128e+00 -3.338481427022230719e+00
1.106873762295676134e+00 1.097258022414106637e+00 -2.078658311495189537e+00
1.987902177282825644e-01 -1.630820448278356594e+00 -7.923338291463579708e-01
-1.451431100581828559e+00 -4.932036516112390245e-01 -2.324837509817015757e+00
-4.549839278879517224e-01 -1.535385414625366707e+00 -1.571700687352546311e+00
5.664866136311642597e-01 -1.484017548986159341e+00 -1.741808532058072956e+00
1.346720402578244213e+00 -8.304037303209668153e-01 -1.818608747524578462e+00
-6.798553692285906891e-01 1.354894476671382186e-01 -1.768654771509289958e+00
-5.423955484766906920e-02 -7.125557910652133842e-01 -2.049934153043906804e+00
6.291947381914921866e-01 -3.319262160245273208e-01 -1.312826805017465404e+00
-1.273427925601509969e+00 9.977866746490759997e-01 -1.322175989076384894e+00
-7.979444822136656512e-01 1.326362610231958783e+00 -2.185161216947406615e+00
2.601595358540427783e-01 5.679610660153732171e-01 -1.702527625639504549e+00
1.428846093156157293e+00 7.808422130104232251e-01 -1.132008273049322611e+00
1.926797527750305217e-01 1.515034992710283079e+00 -2.375616932338957099e+00
-1.293363364839052565e+00 -9.610890130584124336e-01 -1.425341561227938314e+00
1.123555588595425148e+00 -1.192905852487427865e+00 -9.028286507582237164e-01
-1.555341695489914855e+00 -5.516132418059811471e-01 -5.438119108220433873e-01
4.060914945229454065e-01 -6.221429889258587309e-01 -3.773530607451647256e-01
1.511119174172440127e+00 -6.785486907704694204e-01 -1.212386747169915679e-01
-1.613422241392058254e+00 2.582025331629424561e-02 -1.389770151912799179e+00
-1.503860187544603377e-01 7.336837613458617735e-01 6.446460132152195821e-02
5.325010267166554456e-01 5.361138161366781896e-01 -7.371376691005195880e-01
1.616755621078358462e+00 -2.299440964208798732e-01 -1.034390665822357391e+00
-3.950420770110412150e-01 1.573224730815005579e+00 -1.248220973184018590e+00
5.878960409830156358e-02 1.652983136508283657e+00 -3.542795925561676995e-01
6.507677210227553743e-01 1.486059625088055558e+00 -1.243941060796430520e+00
-8.379391117965013791e-01 -1.418733137286920964e+00 -6.410252826035787166e-01
3.696119404545051834e-01 -1.594489801262540141e+00 9.500310199650474630e-01
7.939123157375013173e-01 -1.454183694727618104e+00 2.228573157648256614e-02
-1.204555005986421179e+00 -1.135430696292374364e+00 2.569905300334272558e-01
-2.445457105944086607e-01 -1.638176473111968789e+00 1.461413020690917053e-01
8.837819914885187977e-02 -6.501614287515735668e-01 5.757494053132803380e-01
1.280039472028534631e+00 -1.028963282261074141e+00 8.079735909339944566e-01
-1.572972930857133633e+00 5.046205560220027309e-01 -4.692662434052152776e-01
-1.652153737963985236e+00 -7.242851000603423017e-02 3.722004371958623214e-01
-4.291308892375695905e-01 -5.807731427425011361e-01 -1.094594658316651703e+00
1.645573024448726551e+00 -6.031704832570028429e-02 6.762915146672343614e-01
1.612453587251173825e+00 3.755315451665192650e-01 -2.324919784882553131e-01
-1.362286144605363347e+00 9.356028618754357318e-01 4.346034767903743101e-01
-5.530875398066967819e-01 4.131675305658945585e-01 -8.121887582714464315e-01
7.446464255212591477e-01 1.682596623553945514e-01 2.403031326095644848e-01
1.365648288791958542e+00 9.250967618831572592e-01 5.751892281316260958e-01
-9.450635493524259800e-01 1.355862583772569741e+00 -4.293665211826436234e-01
-5.177896820421210577e-01 1.568011687484011096e+00 4.992371229807466837e-01
1.039983891809958427e+00 1.287123801544861834e+00 -3.033839456751081798e-01
-6.737948018087820401e-01 -1.487302939646966138e+00 1.039018303170237356e+00
9.341632665582579875e-01 -1.286775812109652861e+00 1.721105932463053989e+00
-6.396744541752212854e-01 -3.236499870029803105e-01 -9.889114283659239391e-02
-4.946861300559817209e-01 -5.723258732983822483e-01 1.404132877656709466e+00
2.908561652171692269e-01 -5.225043800083852830e-01 2.025427758366109110e+00
-1.578266888267933155e+00 3.614526991741636164e-01 1.299333319349561533e+00
2.722237856856472016e-01 6.841944323665054561e-01 9.829299270322692239e-01
7.990038456821395574e-01 -1.908293594336498700e-01 1.210394943564786940e+00
1.575969816237315246e+00 2.391350312242716269e-01 1.671048260602189695e+00
-1.022078262874501320e+00 1.252418776027298231e+00 1.342718081889168635e+00
-4.294738651241090110e-01 4.910555687512397349e-01 1.736895382201610216e+00
5.274145112349095665e-01 1.563500556337118708e+00 5.521072579457905194e-01
-5.201958130759010146e-02 -1.577899309956066531e+00 1.858629799945579419e+00
-1.463243099091286581e+00 -7.148400595539925462e-01 1.127380870985200234e+00
-1.001029378898294908e+00 -1.202241597936733797e+00 2.017536531753464146e+00
-5.876556955538632110e-01 -2.021078665633240234e-01 2.491170611920902722e+00
1.417720668765455105e+00 -5.919429303487220295e-01 2.293964053357902877e+00
-1.527585022513520130e+00 -3.027162836607857344e-01 2.091749604464281376e+00
-6.870359665883256639e-01 2.239968187602750238e-01 7.585779326372040776e-01
4.220232297184731141e-01 4.350932219070777207e-01 2.455482679306359550e+00
-1.363154257310782214e+00 7.262610728849080433e-01 2.217193470235556685e+00
-5.873464037118907299e-01 1.427137900003834892e+00 2.229324899369629964e+00
4.698174950311601594e-01 1.466043420112729700e+00 2.264906044341730595e+00
1.102202247076165875e+00 1.164455239691523980e+00 1.543641533189937132e+00
-4.351493678059625836e-02 1.612310744586104905e+00 1.401329986541279160e+00
-2.657159154552317659e-01 -1.441304585390298598e+00 2.857887132925024609e+00
7.500562080725085012e-01 -1.278275978039275174e+00 2.739069479184945255e+00
-1.128780076037074309e+00 -9.019760728213555012e-01 2.998641261630845989e+00
-6.610447877196321542e-01 -1.928086404226974082e-01 3.620362482036101337e+00
1.257121920601436127e+00 -5.967497742729648280e-01 3.325795002415334878e+00
-1.440178125914442830e+00 8.413130842833424494e-02 3.013469326303716223e+00
1.485546282597703382e-01 5.347460448048483306e-01 3.506829932596314148e+00
2.051203149995783348e-01 -4.928226652788225692e-01 3.061692034701207543e+00
1.442997391039925192e+00 3.041377371082450431e-01 2.793065490361799519e+00
-1.006344998266854418e+00 9.718208906619794085e-01 3.282939033411007568e+00
-1.005175162623999086e-01 1.424944051657021982e+00 3.104305859831531844e+00
9.073909299358885461e-01 1.100854746194870337e+00 3.116028158763878952e+00
-5.097565482896015965e-01 -1.174779927432709314e+00 3.888088197995429596e+00
4.943911393131872889e-01 -1.203996049022634907e+00 3.791775198992781259e+00
-1.109346075637176909e+00 4.310069039420590387e-01 4.263268205261168120e+00
4.178200542050914540e-02 -3.790935676029505430e-02 4.527462065039047800e+00
1.257082213938671034e+00 3.001975377687364221e-01 3.834208566847766786e+00
-4.032347917619603095e-01 1.152550728589899043e+00 4.141912757252202759e+00
6.055397601918819372e-01 1.024778527330598932e+00 4.262566805597687747e+00
-9.734267349503227251e-01 -5.518327784252079482e-01 4.519253384781255711e+00
8.089454451570415872e-02 -1.052442222264346583e+00 4.723363621520953792e+00
1.008966164560323397e+00 -5.644265042745928440e-01 4.389473957022049788e+00
-7.974912792659551997e-01 3.402824834626076433e-01 5.221869773825706496e+00
9.196125284636671449e-01 3.477999099010281037e-01 4.932383372972418023e+00
5.480955152691275450e-02 9.192057796650418000e-01 5.094351048233784596e+00
-4.166133378196974490e-01 -5.516597959417168795e-01 5.569096234705527060e+00
5.850146088349056361e-01 -4.448170539223070818e-01 5.492158351196269273e+00
5.785942855972042026e-02 3.507513634203539565e-01 5.985299869829599828e+00
