-3.201548349620111367e-01 -5.597803302118080637e-01 -8.477632631039426769e+00
-4.543491060757531841e-01 2.612454559525804187e-01 -9.048774562119035636e+00
4.853389718383076534e-01 -5.046967600658547326e-02 -9.190982588600746794e+00
-5.635136545167114264e-01 -5.639171359693335717e-01 -7.502819443519982201e+00
3.890207397614443563e-01 -7.327919560123632436e-01 -7.249175509409283791e+00
-6.538911096862136674e-01 3.099674271744048970e-01 -8.014146320664082168e+00
6.134238788091502803e-01 -3.212921741874197323e-01 -8.207075226820464309e+00
7.875933061535934643e-01 2.111296913143384524e-01 -7.362930779601427389e+00
-1.570682923315303015e-02 8.246755129127323336e-01 -7.288124014007351548e+00
2.623557752170398438e-01 6.109240342520313449e-01 -8.367323332665719704e+00
-8.461970957214219879e-01 -3.960286440717624146e-01 -6.282004982752113165e+00
-1.975559048887021163e-03 -9.338975322175429028e-01 -6.286055018538149852e+00
8.526049888416760147e-01 -3.391108540914160585e-01 -6.454350268405818269e+00
-8.107165735835053511e-01 2.772642475267249607e-01 -7.021535842962336460e+00
6.196071758867298662e-01 6.721764487343628858e-01 -6.488300197038171291e+00
-3.455812352261773412e-01 8.660327809588408421e-01 -6.301428611287946069e+00
-3.609819804617018235e-01 -9.537063045476656953e-01 -5.255838118936580372e+00
6.192835563327355741e-01 -7.853403975992563346e-01 -5.516454526377458478e+00
-1.001917653153910237e+00 -1.831461465720565229e-01 -5.272558974373623641e+00
8.796528062630265196e-03 -3.390552331073592995e-02 -4.857356560452430472e+00
9.598055489625023640e-01 2.421187503418009423e-01 -5.646179125447247316e+00
-6.750220144063092675e-01 7.622590192847906732e-01 -5.277175674930376204e+00
2.840255495476780023e-01 9.618008844206039631e-01 -5.481243920736417863e+00
-9.196993149459302686e-01 -5.631333085639766978e-01 -4.346847822779110970e+00
-4.496597263000978728e-02 -1.079441824165868979e+00 -4.312035153038394242e+00
1.021435382085819077e+00 -2.558393818888475835e-01 -4.768325967651705355e+00
-9.731233974919319962e-01 4.642445968597166406e-01 -4.350707973595547173e+00
7.871251334990453374e-01 7.118821902132266288e-01 -4.635931227827740031e+00
-1.493135860038705687e-01 1.060483376309272918e+00 -4.475807501680208134e+00
-6.972711525993275927e-01 -8.826209045801789443e-01 -3.412551571318346078e+00
8.115424418428802689e-01 -7.452570918696324043e-01 -3.908422442490234516e+00
-1.121428433321483453e+00 6.859123628169776221e-02 -3.442543772312362194e+00
8.123763843497261439e-02 1.912646759162911492e-02 -3.404312373468670216e+00
1.084257621541344196e+00 2.251019798295494367e-01 -3.795428369971048710e+00
-5.757683720973147956e-01 9.605059768162755862e-01 -3.526246821822979882e+00
4.481952145420522449e-01 1.020835469228051240e+00 -3.636108652649340911e+00
-1.108433503347882265e+00 -3.335475432255634587e-01 -2.520078533331101767e+00
3.211815699242356881e-01 -1.091407356342458002e+00 -3.095265747583269444e+00
1.081551363060795357e+00 -3.687331906941864190e-01 -2.961924728648199334e+00
-9.269891621104591195e-01 6.876223339860554340e-01 -2.626773727491425348e+00
9.379721756103219787e-01 6.621691847594557423e-01 -2.807784744176657910e+00
1.168224905333371463e-02 1.150758469510320348e+00 -2.729414208297015421e+00
-4.393285811800353713e-01 -1.073354621791523300e+00 -2.445531663513918375e+00
7.645956577403991705e-01 -8.825963158631395800e-01 -2.161034976986300649e+00
-1.139878897309060335e+00 2.964799347948329777e-01 -1.730222468924480950e+00
5.091968767415012975e-02 6.563951595809186523e-02 -2.300119071012417749e+00
1.169184512933550080e+00 6.357166630635507909e-02 -2.035124690148506943e+00
-4.402085148714718343e-01 1.090211527320953611e+00 -1.827494234549973839e+00
6.138159199766810570e-01 1.000432382247196550e+00 -1.916674079455134461e+00
-5.671433649447550351e-01 -1.048871569725591257e+00 -7.370383639495798889e-01
4.433158457461310875e-01 -1.107804050193578860e+00 -6.348855824236210310e-01
-9.399308423276835356e-01 -7.137858919380306588e-01 -1.608378603860231237e+00
2.114467378642747447e-02 -1.181020957740159361e+00 -1.556961646407359012e+00
1.041131606766436235e+00 -5.687206075921551474e-01 -1.250262488212158019e+00
-1.184753524493359578e+00 -1.296234103108275804e-01 -7.989503073508785747e-01
-3.620549661550853671e-02 -1.795228150294576608e-01 -1.168253377866591336e+00
1.062601055769485159e+00 5.306880835127475438e-01 -1.151269587103314507e+00
1.189555750999915285e+00 -1.121779721092224236e-01 -3.588922349288594660e-01
-8.390622618503300600e-01 8.446851341475596353e-01 -9.195978804195590328e-01
1.757402391186870805e-01 1.176406651471106457e+00 -1.018426510276853492e+00
7.695637165043531791e-01 9.145557689602729079e-01 -2.385940916119864141e-01
-1.017469053737769968e+00 -6.278201804428533706e-01 5.481306867214632422e-02
-1.778047158339433054e-01 -1.182109665593458203e+00 1.778924379470698258e-01
-1.091498394178273657e+00 4.879275565295558281e-01 -9.543273483302527893e-03
-1.234580790386701210e-01 -5.348103530974412934e-02 -1.659107248618880703e-01
8.457906368659336982e-01 -8.445247851957446983e-01 2.471402099777847139e-01
-2.965386787943629088e-01 1.158154816781953311e+00 -1.148545059316887773e-01
1.137240010824684955e+00 3.632572460896636435e-01 5.439893172629685081e-01
-7.410945545458815786e-01 -9.304810035255002276e-01 1.011451208611491515e+00
2.944593446285404537e-01 -1.151003137409475130e+00 1.127510028617230153e+00
-1.094673139067950274e+00 -4.287743705876181366e-01 1.831117935620016457e+00
1.702538948183219061e-02 3.090128328999976887e-02 1.980427794042234790e+00
1.107460080382807410e+00 -4.279207915324576561e-01 1.186697023351231728e+00
-1.190920090891623317e+00 -2.775232400550464718e-02 8.580980227942880401e-01
-1.030733043510878133e+00 5.736038153482534430e-01 1.641745450698816944e+00
1.346676449744475534e-01 -1.192686343963202944e-01 9.490257273542056504e-01
8.898033530172517747e-01 7.787573780672593093e-01 1.488142146404565658e+00
-6.992338805599445095e-01 9.653353329462381893e-01 7.828621014451934146e-01
-1.040635981158573031e-01 1.176259694243218190e+00 1.575988834147188156e+00
3.525901773843467257e-01 1.139744754682057604e+00 6.579339377661133081e-01
-3.264728273176160656e-01 -1.127103005310246431e+00 1.929390259060060897e+00
7.017008938389676098e-01 -9.371929652804027455e-01 2.040659739555823471e+00
-1.138653962877199888e+00 1.890118860917859855e-01 2.625093054615349697e+00
-4.275137909651505197e-02 2.913490654036572994e-02 3.077780413191418152e+00
1.168951105846504968e+00 3.111585443087235350e-02 2.097194500915727566e+00
-5.779063905687280567e-01 1.005464712893391344e+00 2.447907986733607544e+00
5.025181639258436972e-01 1.047665683778056689e+00 2.371506426228678244e+00
-8.323960282385485243e-01 -7.944045723121462288e-01 2.734846007251307221e+00
1.338239961606839945e-01 -1.138673142043288067e+00 2.855052101397248965e+00
1.002449394557716200e+00 -5.516099517657266915e-01 2.920215600006971002e+00
-8.581119187393824177e-01 7.242801909121128201e-01 3.456627535487106329e+00
1.025786794438797056e+00 4.949258557834952388e-01 3.062306343860575097e+00
3.410507546126705092e-02 1.130763067808296496e+00 3.257543668219048616e+00
-4.464998575161445160e-01 -1.020244806113780101e+00 3.662555266241061425e+00
5.679976386597014315e-01 -9.536206131742090975e-01 3.741531061712291439e+00
-1.091378845008861731e+00 -2.454525047690907513e-01 3.553549892595665671e+00
4.469901669435390017e-03 8.913303498685287707e-02 4.231825653220405492e+00
1.099751481374237505e+00 -9.206940089273984995e-02 3.872694849982858845e+00
-1.047186470984655671e-01 1.064470151451398117e+00 4.498383131566450643e+00
7.051691048699614273e-01 8.440531045200989624e-01 3.947417514350083145e+00
-8.914879610246941866e-01 -5.914166743485651523e-01 4.494730418217376844e+00
-8.724954650659810795e-03 -1.063756311941901345e+00 4.595140545971529988e+00
8.705449229606646577e-01 -5.991064594572605984e-01 4.708520319854789804e+00
-9.719899365644835143e-01 4.569070783461534058e-01 4.423146963781867669e+00
9.733150328139793528e-01 3.918025248321898579e-01 4.826953701069754743e+00
4.631280591012457704e-01 8.817654981794362801e-01 5.569357384659370247e+00
-5.151987049346473668e-01 -8.606991126227541145e-01 5.477999249555361772e+00
4.795366208252181406e-01 -8.712743200579211589e-01 5.587946182478587431e+00
-1.015867173179870520e+00 -7.032155556004227037e-03 5.308377949846971866e+00
-2.800340627887010214e-02 -1.861284635170079582e-02 5.780797976616718792e+00
9.821524299456450002e-01 -1.953179342217481462e-02 5.738632187386366823e+00
-5.365918183436235722e-01 8.416730376707340922e-01 5.541620484322413276e+00
7.074625763732743655e-01 5.783148614845853297e-01 6.492576031896041933e+00
-7.245819971722227137e-01 -4.526516194483178879e-01 7.042828251886100510e+00
-6.232277311549694332e-02 -9.158922383324892280e-01 6.449884958474011221e+00
7.958551497320067725e-01 -4.178670502340082749e-01 6.638115141983756295e+00
-8.094780437282054208e-01 4.308645195792191740e-01 6.460009819845606849e+00
7.739634239359109991e-01 2.210734834769826074e-01 7.444273587888991628e+00
-3.510367264959768363e-02 8.461121241214452082e-01 7.106842874354665440e+00
-4.409402622010532014e-01 -5.596874269582059469e-01 8.084506713246939924e+00
3.258646581079997495e-01 -7.330238819947112461e-01 7.465107468373847865e+00
-5.518682219949653245e-01 2.661057821339203877e-01 8.645272299473504063e+00
3.337736806293298275e-01 3.896206014156053943e-01 9.093608546668001225e+00
6.217523126633405228e-01 -2.512201296953122664e-01 8.334944210174137780e+00
-6.991844665457165320e-01 3.374305910805145414e-01 7.656388132047241335e+00
1.910769455731415878e-01 6.808985191927275915e-01 8.117530465425799591e+00
-6.678541171130802923e-02 -5.260237959010822806e-01 9.023348392284965769e+00
-3.440178562993878586e-02 -1.345052984177641520e-03 1.006344921393339042e+01
