3.412220339898802135e-01 -7.722585402799779786e-01 -9.974650725181632538e+00
-6.715115339723496390e-01 3.476446996562712055e-01 -1.025040311889040368e+01
6.144336003380391764e-01 3.996941570591234782e-01 -1.031673445966147540e+01
-5.813397969138094368e-01 -7.560609567464950942e-01 -9.576666375121092756e+00
3.299825910259716055e-01 -1.066957947743233603e+00 -8.852001747368859697e+00
-1.072173700080597314e+00 1.550878115294679338e-01 -9.015071970664592982e+00
1.013620468442515826e-02 9.474589839888419851e-02 -9.217334739507123231e+00
1.054837315011970089e+00 -2.344761242694630710e-01 -9.028113777159120446e+00
-3.966197519603440469e-01 1.035420957785981200e+00 -8.891862220563922392e+00
6.972951932334150449e-01 8.251915806177811952e-01 -9.029212338197936560e+00
-8.054170852776536549e-01 -9.064306232497045812e-01 -8.338964805934367064e+00
6.552210943767791673e-02 -1.289132359560611008e+00 -7.860908070171689133e+00
1.017199490687999974e+00 -7.218740172687176937e-01 -8.133761031545361675e+00
-1.266675968188025081e+00 1.492219991525369632e-02 -8.014018321630672403e+00
1.199701554003720361e+00 3.704666759137724696e-01 -8.083200727789474627e+00
2.535949426861470180e-01 1.236701445009728229e+00 -8.040986518021782103e+00
-2.845086765352391467e-01 -1.391680279459691860e+00 -6.920358156180014930e+00
7.993762248432869644e-01 -1.142147224724013199e+00 -7.129251888823716854e+00
-1.105554582042458378e+00 -8.103104586637357443e-01 -7.306342584581884125e+00
-2.094697773553804154e-01 1.107879877934401375e-01 -8.229982887360563382e+00
1.365558035566229345e+00 -1.840787506466625700e-01 -7.252621742547333383e+00
-8.005867604905603230e-01 1.008936570578376823e+00 -7.879156508097594269e+00
1.086150756327332489e+00 8.620759124918652150e-01 -7.186166093063746985e+00
-5.729360736260815656e-01 -1.415618769398108157e+00 -5.954315759973141553e+00
4.638564561309925782e-01 -1.426389968169814892e+00 -6.222172677490192427e+00
-1.323968093879358321e+00 -7.105617484298818454e-01 -6.196585538909999968e+00
3.429069712208239751e-01 -2.427130435470274961e-01 -7.452543519756090973e+00
1.314921454892656660e+00 -6.904527032549481191e-01 -6.360498679181375792e+00
-1.434738685132771252e+00 2.896570865943435269e-01 -6.554521456863639628e+00
-5.873904174823110225e-01 1.514669478710689854e-01 -7.142524340179974729e+00
2.512037377618636658e-01 4.035132888280282271e-01 -6.655596127580224675e+00
1.435462597051088585e+00 3.810950934931502387e-01 -6.360351695816092388e+00
-8.617354066212925545e-01 1.144070048278016616e+00 -6.823190469659806467e+00
1.468034359566959823e-01 1.398290234394618414e+00 -7.036388485378296309e+00
8.279224565050201656e-01 1.246063502952315716e+00 -6.258997983204594107e+00
-4.516533374376763277e-02 -1.685657729892028556e+00 -3.903378082490220891e+00
-1.347076680027370799e+00 -8.556250835969336777e-01 -5.193487520949588543e+00
-6.895869616819680914e-01 -1.483113134842554359e+00 -4.678998002908912213e+00
1.784078336952308608e-01 -1.581419080302424618e+00 -5.246503587831128357e+00
1.099214188105698042e+00 -1.126204810406036927e+00 -5.453853756742077508e+00
-1.559331802040119896e+00 1.169102482142944793e-01 -5.566620386683112542e+00
-3.475421734205212942e-01 -6.192327816020366527e-01 -5.240418315474713040e+00
1.560723788715126847e+00 -1.660422314262461896e-01 -5.501419473518225800e+00
-1.358570888164223334e+00 8.822094122327555077e-01 -4.890358162169505363e+00
-1.133802625622948312e+00 1.036245220210776807e+00 -5.863706502329065984e+00
1.307752034223950810e+00 8.778042153034804063e-01 -5.438788289856233860e+00
1.597037062892386006e+00 3.805161063586050552e-01 -4.592974524481931553e+00
-1.955520933603196454e-01 1.499823264063899986e+00 -6.100370381230746375e+00
-1.374445235535688425e+00 -9.575532912212310066e-01 -4.088808867501057875e+00
8.061731375597076532e-01 -1.442858738756058301e+00 -4.433351406310976017e+00
-4.435249103127461012e-01 3.128193256377654330e-01 -4.879753110693741291e+00
5.715148055465587608e-03 -7.068843883095894398e-01 -4.299086245705893816e+00
6.147525068230850209e-01 -2.824825928280887410e-01 -4.980112357490170893e+00
-1.641020009784540434e+00 -6.780887441613003830e-02 -4.583409512196169544e+00
-5.493880599556462130e-01 8.983799664176601862e-02 -5.927355859517660974e+00
3.421215131728532755e-01 -4.013529435670903922e-01 -5.947629878436032413e+00
1.497851923208546543e+00 -6.680993901229896892e-01 -4.616181967985852452e+00
-5.469115144035470166e-01 1.503585254004447869e+00 -5.143099125716432241e+00
2.862767980204766749e-01 5.598415924035702318e-01 -5.567817593549548860e+00
5.069307028364743450e-01 1.511270765612127809e+00 -5.215486838022286520e+00
1.801360032293894686e-01 -1.726769051474050798e+00 -2.913103623197386582e+00
-1.519591940542753150e+00 -8.415587470151990601e-01 -2.891285278223534760e+00
-5.775794069646309481e-01 -9.117333999395498267e-01 -3.408069113065494093e+00
4.500071590699490920e-01 -8.958506322604193883e-01 -3.414394220653264256e+00
1.497211842776413615e+00 -8.097910786849098486e-01 -3.619948175803330059e+00
-7.106215675209881510e-01 -6.346621334056123942e-02 -3.972807509542803928e+00
-1.061204254730228058e-01 -1.666701103887930913e-01 -2.887163926651254542e+00
8.189937839610766934e-01 -1.563936630748088419e-01 -4.002804703671600350e+00
-1.461437369077572157e+00 8.447847199758965475e-01 -3.873000733602111723e+00
2.349262035084503653e-01 6.626303743083248321e-01 -3.593286094925375096e+00
4.619064738094970091e-01 7.078585821694630686e-01 -4.586777789242532322e+00
1.251218072827861461e+00 1.124764555782995279e+00 -3.967894860751101760e+00
3.493702421731803009e-01 1.630365732813405355e+00 -4.211983332609904096e+00
-8.072102272237344778e-01 -1.550338624650507313e+00 -2.620402730262469504e+00
1.027550734072236072e+00 -1.424334298807721666e+00 -2.387879487461447070e+00
-9.281365294356476170e-01 -1.887046656838009540e-01 -2.297868073128981337e+00
-1.637485304420920329e-01 -8.469350848023537992e-01 -2.084391659017626353e+00
9.093649460905930404e-01 1.419429859933788729e-01 -2.942240994292433243e+00
-1.700864579622077599e+00 -1.122327711613877455e-01 -3.575248607731424499e+00
-6.981294846670209608e-01 5.828377811535894182e-01 -3.198493518841928562e+00
-7.802232479372150920e-02 6.931625711222514363e-01 -2.377218619796934718e+00
1.685296338451373943e+00 2.471102707438495028e-01 -3.598700569936042371e+00
-6.967131633905694343e-01 1.519523627288339007e+00 -4.144742998828618852e+00
-5.517042755119661024e-01 1.635784440725279509e+00 -3.135460082832409512e+00
5.010644580492540356e-01 1.648035770260441124e+00 -3.216918372192935749e+00
-7.550699885433402869e-01 -1.609967753687186587e+00 -1.623431861498929152e+00
2.819812519539561801e-01 -1.752943618836511064e+00 -1.738735302567079088e+00
1.197531924802365699e+00 -1.320954065877089079e+00 -1.402953741508113694e+00
-1.509683740337877111e+00 -9.271015054898725793e-01 -1.887759652932800236e+00
-8.412456186811567704e-01 -4.735069802911340275e-01 -1.283254780313455967e+00
7.879074321032876471e-02 3.646419048034221094e-02 -1.419289554028878797e+00
1.630825912306325343e+00 -6.275785257187749266e-01 -2.633129707418163434e+00
-1.766768269503202760e+00 1.405468744184415197e-01 -1.860744234100081940e+00
-7.783922324205292398e-01 5.713049681377325717e-01 -1.635233588755497181e+00
9.486207033464292282e-01 -2.507336482891844298e-01 -9.876567621778491457e-01
8.495297257542431257e-01 6.123791227305690477e-01 -1.907632248287598031e+00
1.722887048090105067e+00 3.450359055893619797e-01 -2.364550002765966497e+00
-1.662067657268465837e+00 5.186945350558042067e-01 -2.792998530561646930e+00
-1.202361178613244874e+00 1.285543722608596173e+00 -2.271547219580980936e+00
1.669555543228530559e-01 8.358144695520689504e-01 -7.638494047239277052e-01
1.347233828383181731e+00 1.091106397052999277e+00 -2.971101354097882563e+00
-9.377508218513810334e-01 1.521480372770140921e+00 -1.167974080279165605e+00
-2.492232317612774750e-01 1.745474617836257236e+00 -2.178228268860465278e+00
7.748551662241233151e-01 1.580996312212574972e+00 -2.257057402538762858e+00
-1.281265317358602829e+00 -1.253236895350980262e+00 -8.085681712049961334e-01
-3.660210357218716126e-01 -1.755840972473450279e+00 -6.839258982254676766e-01
6.686822688444160612e-01 -1.664957766886772106e+00 -6.147430999603500368e-01
1.482713439805925404e+00 -1.012076612183633983e+00 -4.886792455294823867e-01
-1.763296981374097072e+00 -3.125638161382227054e-01 -9.298718297071104644e-01
-4.801900115574113670e-01 -6.889299455104662684e-01 -3.632456490411186678e-01
1.594253816669534696e-01 -9.161486738311452882e-01 -1.124179254881042311e+00
7.415448766274076453e-01 -3.959222114963552031e-01 -2.094768820281288413e+00
1.716979248526602886e+00 -4.607771460922691631e-01 -1.645151944340582872e+00
-1.769556204598643490e+00 3.114811832827096283e-01 -1.301588437053595726e-01
-1.627636515588534394e+00 7.429756934013994618e-01 -1.043984928824826852e+00
7.614029450699527635e-01 2.932078076208885498e-01 -1.684220382087318058e-01
1.705115933746107704e+00 5.249303350249210354e-01 -1.345837680507543155e+00
-1.289366182027350760e+00 1.250957015238169046e+00 -2.366708170200979566e-01
-7.273442557541898168e-01 3.140877983488272740e-01 -6.476203045992576790e-01
1.099507909086100632e+00 1.406201777635314398e+00 -1.295753504902307895e+00
-3.616459367206488196e-01 1.759352245825466010e+00 -3.245982971288725594e-01
1.031092174068757583e-01 1.783353112073006175e+00 -1.222503001788069810e+00
-9.566717390478203242e-01 -1.520937652234295001e+00 1.090781638479461357e-01
7.003615041036698186e-02 -1.795161324036769201e+00 2.236763177119091839e-01
1.055493501880719887e+00 -1.453335453287124324e+00 3.161795203968661427e-01
-1.639968611579249114e+00 -7.343472012969698426e-01 -2.324486837150629981e-02
-2.093352555066587684e-01 -7.950980011152353200e-01 6.039880917510378477e-01
7.074920597232321473e-01 -4.148904304268512533e-01 7.485380111801200886e-01
1.688650778263780516e+00 -6.107610378976460197e-01 4.077756201556202997e-01
-1.788869261431116797e+00 -1.130834224115346842e-01 7.937538583213840093e-01
-8.447103048721800178e-01 -2.068198225452988481e-02 2.938383364124623753e-01
5.075990639723872988e-01 -6.905126286329874574e-01 -2.001250620876788844e-01
1.985662395045907080e-01 8.701628817717034226e-01 1.679576568189795394e+00
1.795594476591336752e+00 -2.192899093527955756e-02 -4.045070206447434202e-01
-1.541183280218461960e+00 9.174557888049807985e-01 6.833255415115659925e-01
-6.175591436282985569e-01 5.214370620722461602e-01 1.123015956094667089e+00
-2.697096213802723241e-01 7.829487323035876356e-01 1.347482664560503418e-01
1.499607071985663342e+00 9.872783347418818689e-01 -4.549892241560655748e-01
-7.950613487045075090e-01 1.608865969100482962e+00 5.696091843615145311e-01
2.628094142380784648e-01 1.775725234093443516e+00 5.073051378113557774e-01
6.792195155298139664e-01 1.662339030548231733e+00 -4.009133929892101378e-01
-1.420724374891833008e+00 -1.091078242721920333e+00 8.863888553553633809e-01
-5.589096772515063094e-01 -1.700099863934170230e+00 1.015044978873412607e+00
5.010628009633915081e-01 -1.716255948720331048e+00 1.128037433486293484e+00
1.373832334525590282e+00 -1.141140964275294323e+00 1.244391527406669251e+00
-1.692676569760024563e+00 -5.337185511761219914e-01 1.764861450262563469e+00
-7.006969157119300462e-01 -4.528649108071221008e-01 1.420293907173556747e+00
2.781560107152628580e-01 -7.675013523835616525e-01 1.588001008305630180e+00
5.018407058958430644e-01 5.919708081189491988e-01 7.537424230626341703e-01
1.775006240582910566e+00 -1.835274103754045427e-01 1.325704352382825801e+00
-1.707540557296056249e+00 4.974727805221664800e-01 1.610643290038819009e+00
-8.395819341664889635e-01 5.989252245747657133e-01 2.183046926863037474e+00
1.571020983351689937e+00 8.425623255965023484e-01 1.416794756269761812e+00
1.743993268820286824e+00 4.249310479540199248e-01 5.146036341067414810e-01
-1.136622879680288634e+00 1.370814154472586477e+00 1.510975426670792210e+00
8.395724925941280281e-01 6.295079213015436492e-02 1.617896174964883027e+00
1.210004798348388144e+00 1.326524378150675032e+00 4.446606760989751939e-01
-2.095424571366493183e-01 1.770815247047301755e+00 1.393123841002191332e+00
8.412477457104159395e-01 1.573392747002533065e+00 1.341552996344458570e+00
-1.107022173555904487e+00 -1.386301399947242885e+00 1.794654692785563777e+00
-1.254193895328796771e-01 -1.766466228339766076e+00 1.914033496466091666e+00
8.874079215041533741e-01 -1.528661564184957911e+00 2.032620664860147031e+00
-1.472944495466350645e+00 -9.382745669123551124e-01 2.659465522706485174e+00
-3.845950824723303185e-01 -8.864634368033961209e-01 2.334211422454418816e+00
1.356927611381296250e+00 -1.055869397903165918e+00 3.283669060998191114e+00
1.594255112790084361e+00 -7.546715098939245081e-01 2.156479816972272534e+00
-1.743700310624191729e+00 1.543965221309337443e-01 2.550119982804283314e+00
-8.164402572281801440e-01 -7.782705412230939146e-02 2.923986906508906358e+00
6.484423938199229687e-01 -7.086071264680811055e-01 2.585954518450233941e+00
8.848766420470549621e-01 3.317604129106042632e-01 2.823156121668322971e+00
1.739124415089245090e+00 2.781848496184087804e-01 2.239573285794522750e+00
-1.355430735283306376e+00 1.081471571439234669e+00 2.962945180992441419e+00
4.114765501623420668e-02 7.655566500455764090e-02 2.304476038544489125e+00
-2.172803193001016098e-02 9.451032904865234174e-01 2.806384910489803097e+00
1.439615447844039720e+00 9.292022150862656593e-01 3.403156652035144614e+00
-6.701171582013785155e-01 1.623938329796203783e+00 2.374184376452232570e+00
3.684774526483573509e-01 1.722084756922147353e+00 2.244767052069148949e+00
1.265793824351763242e+00 1.216748208991820013e+00 2.403387400203973012e+00
-5.158601790369914397e-01 -1.654708680976995083e+00 2.980262056595035514e+00
7.491870893120411434e-01 -1.506488768727379579e+00 3.967156514532082401e+00
-7.968378115290875030e-02 -7.524998680923147276e-01 3.298523106298070662e+00
5.287959427368749132e-01 -1.649900399983152965e+00 2.995958825686081628e+00
7.412242371750722425e-01 -2.749620315694158990e-01 3.652585114412306488e+00
-1.684369127320678672e+00 -3.043166596764308451e-01 3.438984950056040990e+00
-5.695081122018734732e-01 6.599435331858286569e-01 3.604794227118945926e+00
4.509521074495244641e-01 7.096801182096166283e-01 3.743676620832701474e+00
1.721936202924323034e+00 -7.788563783726942802e-02 3.191952809590281603e+00
-9.222126514871291647e-01 1.387244599274478629e+00 4.236455903421416203e+00
-4.157667416172472485e-01 1.663422116412606844e+00 3.380261348245366282e+00
6.507193851135949503e-01 1.594775895387386955e+00 3.218987983956321131e+00
-2.905960557575326675e-01 -1.656804876814859995e+00 3.973837671709547159e+00
-1.189540202147469472e+00 -1.220592665095026064e+00 3.579054589980603662e+00
-1.145303905003814293e+00 -1.176488376800861602e+00 4.590722735836245683e+00
9.883992263509727705e-02 -7.257009487348398125e-01 4.302348542490763705e+00
1.467641656305189946e+00 -7.862126639960251850e-01 4.249605605515204942e+00
-1.628688313931306197e+00 -2.352911764180021237e-01 4.538123498415830959e+00
-7.411674194027995100e-01 -3.199891680152404660e-01 3.915634606547303775e+00
6.473327174834089259e-01 1.721233471941127913e-01 4.569825383538293373e+00
-1.569919714324527149e+00 6.113358990001988014e-01 3.929147367596486529e+00
-2.750758440170528729e-01 5.732986400896206147e-01 4.560739043828556660e+00
1.171119030917926462e+00 1.174440828814196092e+00 4.347462124439470443e+00
1.651492172261554980e+00 2.551408631576387864e-01 4.153516476255520118e+00
2.411757967944043735e-01 1.653005568016923776e+00 4.162686652024166101e+00
-8.401534176623215444e-01 -1.322093505232729171e+00 5.535966500896117637e+00
9.242115036376146175e-01 -1.324900054271466843e+00 4.948560512217942353e+00
-6.748392016672966065e-01 -3.041608453457484984e-01 4.926774715300549445e+00
1.170053143031606416e-02 -5.043515925259214328e-01 6.249093749231421135e+00
3.030133099356192572e-01 -5.304122222882057258e-01 5.274922107394051984e+00
-1.566820510063067218e+00 -4.412754486433811962e-02 5.524938743150625164e+00
-5.438186173292223202e-01 2.215304800817293474e-01 5.801813778785580134e+00
6.083360411176857996e-01 2.592328975890835219e-01 6.594017273937829771e+00
1.529050270843106407e+00 -4.561697446853685278e-01 5.195862188277903471e+00
-3.249176662805837168e-01 1.576213360758074611e+00 5.025898630279666435e+00
3.937485532481975192e-01 4.490420406034889567e-01 5.527428538829842530e+00
7.242263030797613244e-01 1.419780911136708124e+00 5.217898178053965275e+00
-7.062462681287229316e-02 -1.613247777739331923e+00 4.956419865242348344e+00
-1.310543152515307952e+00 -7.235185809606718976e-01 6.249916907125713905e+00
1.306202257518056520e-01 -1.523345232929870008e+00 5.936323330470228754e+00
1.108231098114159430e+00 -1.057121845801489712e+00 5.909474964363820249e+00
1.327380656203148712e+00 -5.500908246381612798e-01 6.785256202499868827e+00
-9.704495169133622312e-01 1.208978053909563588e+00 5.713096085972226845e+00
-3.991020773165701030e-01 2.301375686573280399e-01 6.796117287452140943e+00
1.511319654136054957e+00 1.582422731771448154e-01 6.030538674990512327e+00
-1.415319567602821849e+00 7.835880202955990415e-01 4.918043088166212051e+00
3.117411053400033841e-02 1.526174305914324014e+00 5.961129529442056985e+00
1.028114482631619309e+00 1.102418797527827232e+00 6.149959556353333134e+00
1.478235446771329675e+00 6.171033003683402685e-01 5.119521029926072941e+00
4.066121570893187487e-01 1.363584032310187100e+00 6.900392985212467245e+00
-5.695793845855803283e-01 -1.329909001144571334e+00 6.701571996077715809e+00
5.835179316661339710e-01 -1.308136499031348876e+00 6.822535019398729972e+00
-1.329235930102200314e+00 -3.844959457776440104e-01 7.208677435459683203e+00
-3.589408969200746924e-02 -5.898584168585045973e-01 7.262948127088917794e+00
1.094127251719910987e+00 -7.166013369704700153e-01 7.748226946352181344e+00
-1.424867699326256343e+00 3.931113789796493174e-01 6.425318613742717844e+00
-1.172395263030864498e+00 6.747850767795634530e-01 7.437782807567073995e+00
-1.917607453910932236e-01 2.323310761193984608e-01 7.845487290283728044e+00
1.321070288609854426e+00 2.969345374906123824e-01 7.428344689060207173e+00
-6.654255865639413514e-01 1.283163377584931153e+00 6.712720588331858806e+00
-3.185346696999005189e-01 1.278573050986482329e+00 7.682665944702269378e+00
7.135757882014520659e-01 1.072743395414113232e+00 7.876455818539330522e+00
-8.310605008119580361e-01 -9.640931832416299585e-01 7.975816644750389983e+00
2.135135094646727627e-01 -1.226007939678908087e+00 8.151035340379751304e+00
-1.236670213029839260e+00 1.693260604641919076e-02 8.197091992296005714e+00
9.940177013410975149e-03 1.075595973899593286e-02 8.810400715826938622e+00
1.130338009945216715e+00 3.462245645874387212e-01 8.509783475581317091e+00
-7.199334099620244842e-01 9.293710736579645637e-01 8.545722727258286966e+00
3.515403201765347485e-01 1.066082427986551950e+00 8.823315652092373895e+00
-8.654496322551494814e-01 -6.539203928134469379e-01 9.008481573354565342e+00
7.578825530399925514e-02 -9.723310751329137247e-01 9.490413948212646389e+00
8.909385740123586528e-01 -6.781316051423971203e-01 8.837823441737270969e+00
-9.270400498345736651e-01 3.458189712183302178e-01 9.432273863872032038e+00
8.715785392960708755e-01 4.000785638532765032e-01 9.555731958771373158e+00
-6.597071369529317053e-02 8.424432345762776775e-01 9.972180201112482933e+00
-6.240510789809121661e-01 -4.555961739698801694e-01 1.020163369741659309e+01
6.033133873028210248e-01 -4.098428372931550712e-01 1.032694056997933885e+01
-8.004707130433530438e-02 1.702388068607210425e-01 1.123755574845955962e+01
