7.029354656100864629e-01 -8.100983717486087698e-01 -6.478048633684835522e+00
-2.749469589547430814e-01 -7.270604867750307676e-02 -7.429407084922004856e+00
6.750523666370247255e-01 -3.396419028182151578e-02 -7.109491034405465371e+00
1.178801749409471578e+00 3.851327843463477757e-02 -6.243997318566897547e+00
1.199438279987856126e-01 7.845789898108637139e-01 -6.957260124690776593e+00
7.475779111154032819e-01 9.394186036065971246e-01 -6.193942816199793810e+00
-5.799085190419930314e-01 -1.187633540305199631e+00 -5.881064481525385190e+00
4.000480493420728867e-01 -1.332142560321756264e+00 -5.680025607082782813e+00
-1.035222339514604073e+00 -4.400509101653256039e-01 -6.367330490201098314e+00
-1.060617046765202076e-01 -3.114775575246824246e-01 -5.975429812991137624e+00
1.203337443060355616e+00 -7.402849122412646921e-01 -5.612757417281173389e+00
-8.040602937779937065e-01 4.508313693455596738e-01 -6.758995686590409946e+00
-2.013271709023314315e-01 6.864863421788354181e-01 -5.995452805185735201e+00
5.530736069383777043e-01 2.516167069801616973e-01 -5.476347728098886591e+00
1.523679526543583851e+00 1.255266121185896755e-01 -5.223081920829898195e+00
-7.515025811339626216e-01 1.278178200678858900e+00 -5.385018346505205500e+00
2.333943925378509643e-01 1.432376866174564833e+00 -5.490041358774334412e+00
1.117511707485677741e+00 1.041018299742884512e+00 -5.228773758998599419e+00
-2.106079996722485248e-01 -1.591867071727520511e+00 -4.929363359210384488e+00
-1.418156251813826429e+00 -3.662279070964729044e-01 -5.445792001174169172e+00
-5.545375807246841759e-01 -6.557166689115518921e-01 -5.032812124863724534e+00
4.445960087296773611e-01 -6.284145196860322358e-01 -4.963234551292671881e+00
1.479699053273894727e+00 -7.820813102930372906e-01 -4.641419490582990193e+00
-1.222551445607905407e+00 5.282874719058892055e-01 -5.852649714031556982e+00
-7.446112169216689836e-02 -7.641326363525990928e-03 -4.286199935982878628e+00
9.123130994593062759e-01 8.052855519134373419e-02 -4.432206263340930263e+00
-1.530232096082983162e+00 5.155275501151823647e-01 -4.892857719533125760e+00
-5.256014638307675568e-01 3.431500307832008323e-01 -5.111410943359999237e+00
2.977693261202407626e-01 8.291745499126972341e-01 -4.693708869105762460e+00
1.507090206898045626e+00 8.791674905921458283e-01 -4.305268233865120919e+00
-1.770899028775261286e-01 1.691831113831302025e+00 -4.516468283252237370e+00
-1.114900905103382911e+00 -1.290972279727938599e+00 -4.494550569754821367e+00
7.332633221591988715e-01 -1.516325436896153178e+00 -4.593511494084253854e+00
-6.563129967100138629e-01 -6.903643522373812402e-01 -3.838538989001506252e+00
3.405880497098590642e-01 -8.529492617149543321e-01 -3.941219636232546009e+00
9.460439528345464533e-01 -2.232346232042345946e-01 -3.432329617149022738e+00
-1.664966376375176083e+00 -3.883028116284066300e-01 -4.476247009311222769e+00
-1.013283113357005050e+00 2.524364825599567097e-01 -4.027274762864962554e+00
6.866749474256969021e-01 7.211349364867634115e-01 -3.682440772830531728e+00
1.804405076020064724e+00 -2.460998382231593951e-02 -3.988714536195800520e+00
-1.108610140210060990e+00 1.308494690823311712e+00 -4.450903251520202275e+00
-2.781763980369049705e-01 9.236070078975725517e-01 -3.876656415869931038e+00
7.877304062575378740e-01 1.571936835405435273e+00 -4.236833527723732118e+00
-9.126544277133064043e-01 -1.646761549796480040e+00 -3.513322279444622609e+00
-3.589366752524369986e-02 -1.807973802355746784e+00 -3.967599307534499076e+00
8.844913999778266644e-01 -1.645255214888834416e+00 -3.609834032945173021e+00
-1.608970452013764429e+00 -9.390067396052899085e-01 -3.641691866351749240e+00
-3.664217155702118589e-01 -9.982582057057385327e-01 -2.932086826153479819e+00
6.325938227163678818e-01 -1.007992925989285027e+00 -2.880490804351808265e+00
1.600523527629437393e+00 -9.485254669068154953e-01 -3.657190884759387473e+00
-1.875453286243427442e+00 2.180139436084102891e-02 -3.560464185624326205e+00
-1.023438383777914851e+00 -2.477276652870443741e-01 -3.020230032842576406e+00
-3.749496703728993907e-02 1.053207351597728186e-01 -3.286239765147016101e+00
1.147755995147300867e+00 -2.940317375743290995e-01 -2.394556970844973876e+00
1.934656483010875228e+00 -2.528433208652103303e-01 -3.016837165262202802e+00
-1.587299739338007498e+00 9.763819356007980010e-01 -3.637744488891314631e+00
-8.112889567334349294e-01 7.300633573969416146e-01 -3.051736268185564427e+00
1.103908358721565341e-01 1.100405044247113606e+00 -2.924133812191840320e+00
1.760757218080939213e+00 7.352809559064075184e-01 -3.339764068258432417e+00
-8.680800953009111254e-01 1.665218468584512834e+00 -3.545300524966918942e+00
1.110633933468939544e-01 1.871752786713397176e+00 -3.563960466605777810e+00
1.144071035842350925e+00 1.534614434552102447e+00 -3.296822517068363823e+00
-1.467098760399636603e+00 -1.337571457692831700e+00 -2.726819919344649179e+00
-6.379564791303238280e-01 -1.896371314814956577e+00 -2.582975550719410762e+00
3.542676324899364237e-01 -1.955714081448206798e+00 -2.706673903043622431e+00
1.611302715960969634e+00 -1.171842951543524691e+00 -2.662463867969805165e+00
-1.946090059197501887e+00 -4.246526876787726223e-01 -2.666901004438614109e+00
-8.985474575953844578e-01 -7.330456044702060581e-01 -2.113218922774436237e+00
7.848926530166547288e-02 -1.212030023461196038e+00 -2.052157121487397262e+00
1.373324561743107242e-01 -2.548264769648653782e-01 -2.367788511744834068e+00
1.991685805442766632e+00 -5.292523223643144092e-01 -1.912274173350624551e+00
-1.885605015057208789e+00 6.122445171349065740e-01 -2.751939175625963685e+00
-1.144886483254097698e+00 2.582614245676266851e-01 -2.156888751643464275e+00
9.774528958173427373e-01 6.436777616574962391e-01 -2.722180471123891721e+00
1.950716025399705567e+00 5.288853313968991943e-01 -2.379032647772078235e+00
-1.349489332910664530e+00 1.468629128071578860e+00 -2.642687785125957589e+00
-1.289086925952176443e-01 3.567511353691988352e-01 -1.600226528693852401e+00
1.427371885348713620e+00 1.439259432991469856e+00 -2.316209363491864792e+00
-4.276613753940665674e-01 1.943216151154656401e+00 -2.686816911391787244e+00
5.724862228113403173e-01 1.918836587368972779e+00 -2.567455450986457777e+00
-1.219782013555118283e+00 -1.671022094019107840e+00 -1.801481667826180910e+00
-3.077441876211963745e-01 -2.055979586167111961e+00 -1.652564803814328798e+00
6.833532356636204952e-01 -1.955732993982721268e+00 -1.760913535788134254e+00
-1.862804433606740417e+00 -9.029539021600356818e-01 -1.783583194440126363e+00
-5.494146268092379159e-01 -1.149343618868243766e+00 -1.272341271817623465e+00
1.167707413090861346e+00 -1.079290677675075472e+00 -1.764600491116965486e+00
1.857945795501145136e+00 -1.001718171384936795e+00 -1.038064783270215230e+00
-2.067476587764730311e+00 7.575324801150191967e-02 -1.801433280212364707e+00
-1.254403865358924008e+00 -2.598044603081461901e-01 -1.299707753768885254e+00
4.405485509514703857e-01 -4.776407187342925909e-01 -1.431902828826636664e+00
1.166208055661440035e+00 4.737505846406881438e-01 -1.753654494253680696e+00
2.073413446256106241e+00 3.055566155816847873e-01 -1.362693743548121006e+00
-1.786725993110550803e+00 1.036396655222467267e+00 -1.847832194162407404e+00
-5.653194003908623699e-01 1.080766833832391249e+00 -2.145334668869864458e+00
4.187898659540742474e-01 1.112898755615006952e+00 -1.964585028155056534e+00
1.692606022918735853e+00 1.235052907262773392e+00 -1.372350254003436021e+00
-1.116855476103410183e+00 1.753463306437619051e+00 -1.651668211954472554e+00
-3.660106138609364734e-02 2.070559994830899253e+00 -1.772473478507308187e+00
9.265852159696700285e-01 1.868151217268298137e+00 -1.549034576026855348e+00
-1.871928739903694350e-01 -2.122965888754919206e+00 7.691297331989083164e-02
-1.617515629279466793e+00 -1.362591468416823659e+00 -9.272394885193762093e-01
-7.413515395816858700e-01 -1.986750076838205814e+00 -7.521152064828839912e-01
2.663453585256861378e-01 -2.101327380718061022e+00 -8.322979610125003092e-01
1.196721281125592062e+00 -1.743807519306571407e+00 -9.272558741668319726e-01
-2.068834439974565953e+00 -4.659687694668832592e-01 -7.486493589248084390e-01
-9.244053444547688514e-01 -9.248736265543584523e-01 -3.198147632087540160e-01
4.031381507281026066e-02 -1.200482042667118776e+00 -4.582372862117409795e-01
9.508008362794972967e-01 -8.195338427587159913e-01 -6.278523496798840142e-01
2.117168565194561314e+00 -1.999980884023386807e-01 -4.987488323527600187e-01
-2.038736494661563370e+00 5.638489976814400340e-01 -9.181259668328323187e-01
-3.574977003757737748e-01 -2.647358368465404510e-01 -8.467003596952622502e-01
2.715800608435446906e-01 3.955766123457861161e-01 -4.281400413725862109e-01
1.219685887215193221e+00 1.388289948762813641e-01 -8.098953437945368705e-01
-1.559943938573084665e+00 1.434696586005727248e+00 -7.921856201469807957e-01
-1.026309155680309004e+00 7.178966615617506930e-01 -1.271988284112850920e+00
-1.918213656168603620e-01 1.265965661135673326e+00 -1.182122682287271687e+00
7.689033754654475139e-01 1.032327412845664316e+00 -1.022539249154505114e+00
1.392613025256886239e+00 1.607387443592936060e+00 -4.904155999876991245e-01
-7.296950454729937974e-01 1.991131596833385364e+00 -7.498613484824829811e-01
2.756000300364357947e-01 2.100590587833789602e+00 -8.179045533155431258e-01
-6.557587523734156321e-01 -2.008710576998396391e+00 9.795875255225499068e-01
-3.462201702514988710e-01 -1.167413090132527032e+00 4.678693750989963984e-01
8.302778277776931004e-01 -1.962937138994760744e+00 -1.687886921160952625e-02
-1.853027144173807983e+00 -1.052882991835332405e+00 5.409975809946199199e-02
-1.153753813863190203e+00 -1.791587414644070009e+00 1.394316343875031672e-01
6.497582994043058502e-01 -9.893924360201253876e-01 3.296201240227817353e-01
1.645856211243427625e+00 -1.353680756972124755e+00 -1.223104552927765099e-01
-2.130488784547395653e+00 -3.843478864938276729e-02 1.591187346869096519e-01
-1.153798432091718951e+00 -5.735044533751505469e-01 5.883644248380163200e-01
-4.522349687643298921e-01 -2.466326323806811160e-02 1.212077402983005175e-01
1.346082251237313621e+00 -2.886662576801342084e-01 1.360266725755518158e-01
1.973890009881715590e+00 7.917058838356757500e-01 -4.907372038028228189e-01
-1.294387949993577536e+00 1.534344108130138162e-01 -3.887370597151829088e-01
-6.562028311078194065e-01 9.517691743137485227e-01 -3.460951030718319998e-01
3.852601476998028240e-01 1.353522285982366125e+00 -1.557427262517876443e-01
1.113564569496432677e+00 6.839775544971218313e-01 3.800408142861242539e-02
-1.212131586222909618e+00 1.752865134783736734e+00 9.333520766011967063e-02
-2.270491213984087153e-01 2.118971505983199943e+00 1.061840810528473372e-01
1.035750081209740214e+00 1.859036290502102728e+00 4.118176153057608313e-01
4.045468450223512202e-01 -2.077326142374246842e+00 8.867963691883116173e-01
-1.583461855134316920e+00 -1.400002724305778656e+00 9.641876419261571352e-01
-7.315213309339583247e-01 -1.037408720311304933e+00 1.388647761623516441e+00
2.649841550687792591e-01 -1.148351657925971381e+00 1.273045592494089773e+00
1.316381462837307836e+00 -1.660554140080108709e+00 8.036290716992826599e-01
-2.048589149973011558e+00 -5.080365756058284887e-01 1.041538694497037731e+00
-1.217549288135501229e+00 3.857227049197868574e-02 1.381054220142371003e+00
-2.858158109821857806e-01 -1.900113904483475835e-01 1.093445421955519858e+00
1.086696976104613910e+00 -5.064166153887299515e-01 1.093776977114208737e+00
1.938861593727284172e+00 -8.622670946380566193e-01 7.018266954134416702e-01
-2.053473439650403520e+00 4.939390445095676041e-01 1.005832328638454287e+00
-1.103005816059180688e+00 6.067344282440831904e-01 5.491139312534425443e-01
4.791281475606557483e-01 5.527207953252107064e-02 4.970133929010139839e-01
2.112788602382432934e+00 2.401878451653865765e-01 5.090048355055235563e-01
-1.902825599380008725e+00 9.600540127462696693e-01 2.775970325994455215e-02
-1.584291514927002709e+00 1.399395630948432778e+00 9.582090574121789883e-01
-7.102222169674945462e-01 9.124144740363695494e-01 1.419017766759061550e+00
-1.078675748723014749e-01 8.703111969652067570e-01 6.026215433923755027e-01
1.763727825008004846e+00 1.183882006570293077e+00 6.111748965483809748e-01
-7.546013076776887374e-01 1.974420020488157013e+00 9.616655790590789010e-01
2.513953599024545960e-01 2.097827155755607631e+00 9.850287856345747439e-01
-9.999570042370464762e-01 -1.795254009709722709e+00 1.988611695725831519e+00
-3.880397927851220174e-02 -2.069780040793730791e+00 1.783128335343072690e+00
9.616632036429069164e-01 -1.837951223384493460e+00 1.721852765173920163e+00
-1.795305026638331469e+00 -1.017453578682292914e+00 1.874992576116412568e+00
-9.720493319128280518e-01 -6.028145785046490346e-01 2.273937975840008896e+00
8.468051927550933611e-01 -7.814368404949618707e-01 2.025395703519437429e+00
1.720743609647437999e+00 -1.168023165679514364e+00 1.639495563395830358e+00
-2.059409444393480726e+00 -3.529737396686982720e-02 1.926788211796834238e+00
-1.028495441856335901e+00 4.005441131247382547e-01 2.308044750978588855e+00
2.428981815118942955e-01 2.901001166618334404e-01 1.794187322584944733e+00
9.730515094339091675e-01 7.346323795588123318e-01 1.043707300727878762e+00
2.075751327366417875e+00 -2.407587704963418673e-01 1.474726509090702464e+00
-1.835735161730426057e+00 9.428417851579206088e-01 1.873214111763317646e+00
-4.128732738444824690e-01 1.188199759040044157e+00 2.342788184046679323e+00
2.626926408075919150e-01 1.254575447116094811e+00 1.523024529276051364e+00
1.946830743711399636e+00 7.543143318180698387e-01 1.506144079291660498e+00
-1.180149717104356455e+00 1.696804590440670779e+00 1.829702145637558397e+00
-2.436331597743048860e-01 2.050464133156977287e+00 1.857017443654344069e+00
1.285826902594908505e+00 1.655239991271896693e+00 1.359218848544353264e+00
-1.456197455837155985e+00 -1.344278793489408486e+00 2.758130776600790313e+00
-4.553645979006404332e-01 -1.921562379167511381e+00 2.819865847964369454e+00
5.245276162815987187e-01 -1.927052462457410797e+00 2.617591450901856298e+00
1.396479933127688922e+00 -1.435071299510042309e+00 2.567670400493859528e+00
-1.920603834122530884e+00 -4.573613762027264329e-01 2.823944461437527309e+00
-7.213120887068669163e-02 -2.361395093693374747e-01 2.588642516509305658e+00
-1.460420442150507370e-01 -1.167105709259502078e+00 2.226521950626334068e+00
1.232368265950765096e+00 1.434389721339991985e-01 1.850503004593612388e+00
1.924252545604877129e+00 -5.876394122575447909e-01 2.473229161315182445e+00
-1.901958752105713302e+00 5.446240323426713159e-01 2.788319966492362578e+00
-7.252036893808337936e-01 7.495066993819500256e-01 3.207151065670525991e+00
6.177499487961402025e-01 9.708002180021231275e-01 2.463591628339151463e+00
1.968214530750819202e+00 4.169267890223665729e-01 2.474162995992083669e+00
-1.394833792326849675e+00 1.407147978997869586e+00 2.762531747402029225e+00
6.967941859971725771e-01 8.069998317455553405e-01 3.500842150211095127e+00
1.551017611844727639e+00 1.311789980590289284e+00 2.268734602143165802e+00
-1.669628872978989875e-02 1.973513367157038845e+00 2.830212912310125617e+00
7.106342385210263624e-01 1.914859494995925893e+00 2.141852141431753953e+00
-9.827953615450581992e-01 -1.589102219984965814e+00 3.606504855094215589e+00
1.380726426504829893e-02 -1.851145671644360391e+00 3.714985640905187125e+00
9.591280158179846804e-01 -1.626968374002885298e+00 3.474036833920073342e+00
-1.647831205490490447e+00 -8.454012079600943252e-01 3.709785943086469029e+00
-2.841376767282923765e-01 -9.891374236443510881e-01 3.213352577241685992e+00
6.817372127644918400e-01 -7.583787610497836340e-01 3.018769464078674414e+00
1.663676708837437568e+00 -9.210972704007502898e-01 3.385138238680255096e+00
-1.848165581079669550e+00 1.352728250717995795e-01 3.703176734746704390e+00
-1.010198906573862132e+00 -2.294802468346830437e-01 3.206842039764806085e+00
-1.092419440721243973e-01 -4.678468751558284566e-02 4.559331586687982885e+00
1.067574063157068265e+00 1.472589540760099458e-01 2.839846462386881765e+00
1.897580323347975995e+00 5.997209620974927602e-02 3.406690519353355207e+00
-1.478697155799650886e+00 1.092905022507765445e+00 3.790709543145682758e+00
-1.318778361826815626e-01 8.862081735452075337e-01 4.058710052148521541e+00
-3.168855519032831580e-02 2.073697438193489867e-02 3.555791688186193067e+00
1.636024724221927462e+00 1.013190081094693440e+00 3.222441309074377092e+00
-7.567438130941894769e-01 1.732274885038470824e+00 3.462467845940967681e+00
1.820839628261907706e-01 1.828134998786326459e+00 3.800095690329833076e+00
9.170133026474885929e-01 1.708087151107004598e+00 3.114402101916414090e+00
-5.474476921555861963e-01 -1.612361747008606017e+00 4.508578331792153726e+00
1.302347098507172563e+00 -1.163617861175012536e+00 4.296843135255735469e+00
-7.632279695087049731e-01 -6.949987309948539860e-01 4.152710302734135439e+00
2.769597436611282437e-01 -8.214303426375835215e-01 4.026635554729220523e+00
9.828389290127685918e-01 -1.354603567317411716e-01 3.801311147590978656e+00
-1.655911072435173992e+00 -3.341449982440707345e-01 4.570861519063591949e+00
-9.432333324308359579e-01 2.969451000802165730e-01 4.107512095210604564e+00
7.231359635179567258e-01 5.075838156044558680e-01 4.544760621121446853e+00
1.682823765332325250e+00 -2.616852767667552371e-01 4.507252426556708436e+00
-8.319555899924466758e-01 1.503361376113212300e+00 4.435491202841895131e+00
1.051890748741927534e-01 1.638203548844640700e+00 4.781088457256454483e+00
9.984376033907167436e-01 1.446987278367451557e+00 4.238083026355226046e+00
4.483356885331556962e-01 -1.621307017161754516e+00 4.603302202230823426e+00
-1.165209060813452879e+00 -1.050746210294164484e+00 5.073586783085898055e+00
-1.129824297036918779e-01 -9.122227262913611412e-01 5.075294353636924605e+00
7.584825761057109039e-01 -4.792557288434835527e-01 4.835676983880423663e+00
1.313758405267215768e+00 -4.523061454402608206e-01 5.684491820425853881e+00
-4.551873125963936673e-01 -7.075333381668258426e-02 5.500582038286276010e+00
6.273800317205061039e-02 -3.787207720829144364e-02 6.359125370304977487e+00
5.000459460509131260e-01 2.464895323322596754e-01 5.498837231498525213e+00
-1.412568948793534673e+00 8.021914440008505176e-01 4.852893550214223417e+00
-4.075266172749820726e-01 8.078225245466186255e-01 5.018540465646176507e+00
8.911807021344869684e-01 1.233455161540965683e+00 5.248766541922440076e+00
1.636296432437350568e+00 6.788471627067550473e-01 4.167953595206973283e+00
-1.362676909255355895e-02 1.364795189600133130e+00 5.757679630188206943e+00
-1.969322582380215181e-01 -1.257507297787554990e+00 6.012811276253675175e+00
7.392434540807385490e-01 -1.250056892832915878e+00 5.486724456993508525e+00
-1.045177247817548505e+00 -7.261893022758982852e-01 6.013183260729764612e+00
6.456907948369657868e-01 -8.931817210368251381e-01 6.416343046176762321e+00
1.048291066883865641e+00 2.031959797164130388e-02 6.526608171765540867e+00
-1.453261196715445180e+00 2.649650945176120972e-02 5.482726172857440794e+00
-1.053468397197320883e+00 1.530720039382054420e-01 6.494402000192150304e+00
4.035085680876061009e-01 5.899778505887023350e-01 7.062316552453681062e+00
1.472464325422081721e+00 4.181402327605412417e-01 5.216402247630576028e+00
-1.028309858078898742e+00 8.743238618827431363e-01 5.801540918622868581e+00
-4.130526640003324701e-01 9.267620473156044092e-01 6.592452227485546601e+00
7.707719244291105776e-01 9.212731358761463429e-01 6.192497601314520317e+00
-4.639428163612393519e-01 -7.438811428697107431e-01 6.832868309213593783e+00
3.836276310223941666e-01 -3.935584317080724759e-01 7.242919611792328460e+00
-4.607895864584463652e-01 1.416665703491467032e-01 7.302167013954954378e+00
