-8.481518173188504761e-01 -5.395405485265882817e-01 -7.782532899433562079e+00
-1.442020645015418268e-01 -7.204734119287934391e-01 -8.471130570445041030e+00
5.822573102868695560e-01 -8.162769852760902722e-01 -7.790368677806625897e+00
-7.327687394838449109e-01 2.487042374803488110e-01 -8.387999064556694861e+00
6.820059105311263581e-01 -1.603403015809874432e-01 -8.539687822765259284e+00
1.545433714042794560e-01 6.897951725606363826e-01 -8.527346459969152193e+00
-2.190564562817485239e-01 -1.131943288704150063e+00 -7.279092584220038020e+00
6.060762198613446339e-01 -1.137850028998528273e+00 -6.713507648664176486e+00
-1.118529843058894357e+00 2.809150831656572200e-01 -7.277878587827061097e+00
2.715722620872961651e-02 4.161719618185241026e-02 -7.738058174031621661e+00
1.050441833649494949e+00 5.433626687940407152e-02 -7.634560384990805915e+00
-4.664843208506681549e-01 9.244159596464951445e-01 -7.687692684642229324e+00
5.321291212363078449e-01 9.100131170606520215e-01 -7.626917808402197352e+00
-3.912975997825611785e-01 -1.314575734377456229e+00 -6.308993180206542206e+00
4.829011105639001156e-01 -1.387468175881537036e+00 -5.748410131379685595e+00
-1.031999084213452988e+00 -7.302123192374097016e-01 -6.817551100526628716e+00
3.509666893789780695e-01 -3.364665940482609585e-01 -6.163983447001299965e+00
1.232580552291669074e+00 -3.563924917786636115e-01 -6.740315411433670079e+00
-1.365374896387521630e+00 7.850662789064517810e-02 -6.329486239701125783e+00
-5.458129328521437174e-01 6.705416162888241938e-02 -5.746451298987409473e+00
-2.387467964158673794e-01 2.134865010356464810e-01 -6.762665836450622692e+00
1.414308465735890863e+00 2.486715641274477306e-01 -5.962879155699695843e+00
-8.664764799231647885e-01 9.842464811893081311e-01 -6.610886430384965706e+00
7.252184201782202466e-02 1.265067412809539160e+00 -6.812631632313994601e+00
1.086622802170674973e+00 6.445369029144842887e-01 -6.821998027212899274e+00
3.529629094155504188e-01 -1.573121216727912497e+00 -4.772810707552778808e+00
-1.160769878267217337e+00 -8.812734749929092004e-01 -5.833277946630659017e+00
-4.816513998269442709e-01 -1.452274398426240509e+00 -5.322543100785651404e+00
1.205362662587858846e+00 -1.053756253533080667e+00 -4.861654661718958437e+00
1.253775239755273496e+00 -7.480479280274892062e-01 -5.818256441162418469e+00
-1.525749518679688777e+00 -7.737552099314370935e-02 -5.350440514799501557e+00
2.148037574551710585e-02 -5.882729740384178285e-01 -5.227203664378478720e+00
1.566581085790268890e+00 -1.401048219483698176e-01 -5.048344528521226948e+00
-1.456064388749055638e+00 6.985607103756230618e-01 -4.717857427264561920e+00
-1.225419552432796877e+00 8.342279560646114200e-01 -5.686274130311559816e+00
7.454000014443672439e-01 1.204890021994747151e+00 -6.063527393909609486e+00
1.256218594260686716e+00 9.105105708647434071e-01 -5.229261802949764615e+00
-3.094325744581141180e-01 1.413505289375663221e+00 -5.899443638160391856e+00
-5.474403472533282411e-01 -1.571296865083695593e+00 -4.330283298837784400e+00
1.169541370704028083e+00 -1.247661192620356019e+00 -3.878838731770485992e+00
-1.250666625766058360e+00 -1.003291833909017328e+00 -4.843380909433136594e+00
4.350706235098095176e-01 -6.928373709324375795e-01 -4.291767053805301657e+00
3.522702047364505429e-01 4.761428954175501715e-01 -5.494597446231537674e+00
-1.646030024976582240e+00 -2.194512978361018440e-01 -4.360633821326118209e+00
-3.732131563538985120e-01 4.121743362098331809e-01 -4.803950023358524390e+00
6.126187596952197278e-01 3.252434491137806138e-01 -4.524270166533227666e+00
1.566991445474578137e+00 5.592484415498484296e-01 -4.331515754893999315e+00
-1.052041919944130655e+00 1.326879236785481808e+00 -4.050076429048573345e+00
-7.497759888677961726e-01 1.393741207320831510e+00 -5.001045741814081680e+00
3.796130218942955770e-01 1.511460152714743099e+00 -5.180634605139886162e+00
-1.379809839631533919e+00 -1.139183816406685423e+00 -2.839863885022779755e+00
2.805647434834884768e-01 -1.696342139850173680e+00 -3.780060903256725169e+00
1.120800326403132985e+00 -1.396235175960640618e+00 -2.891011534459991594e+00
-1.297297718356105634e+00 -1.118847485669391517e+00 -3.847092208354723653e+00
-6.395324658282248720e-01 -4.081409794578405581e-01 -4.288693587485511216e+00
-1.798106333826723358e-01 -7.624252031786511452e-01 -3.466441907431672576e+00
1.654217990500234992e+00 -3.821568885688151340e-01 -4.005545860417868198e+00
-1.719589402141380674e+00 -3.537472345142020913e-01 -3.360985345605911334e+00
-8.072153200569971432e-01 8.017837517355067001e-02 -3.410189520400479068e+00
3.181717286893089719e-02 2.587949736632394471e-02 -2.868714508312081080e+00
7.745407023426007509e-01 -4.668737549188506364e-01 -3.369260015324158530e+00
1.688673688738062229e+00 -5.739067147697340943e-01 -2.974271905351898226e+00
-1.626416056170413071e+00 5.707522864210307079e-01 -3.733532381164081926e+00
-2.039536669077648412e-01 8.045541509419716908e-01 -3.751107639207774014e+00
7.333436598286412478e-01 5.258589766314242242e-01 -3.498412788998109590e+00
9.592745967692030140e-01 1.352678607953540224e+00 -4.381391022736522700e+00
-4.267193918528988661e-01 1.702605965141038347e+00 -3.365123124146876421e+00
-7.668077437951126285e-02 1.664752932526802454e+00 -4.301638598165055782e+00
5.626652560132932024e-01 1.649764989409331584e+00 -3.512566918305935815e+00
-6.420760142160020223e-01 -1.638758445328306834e+00 -3.298204209170066292e+00
2.056223156830833398e-01 -1.785595397730332934e+00 -2.786400676644433361e+00
-9.303191928336644878e-01 -1.889900150838030868e-01 -2.454677370330372810e+00
-4.013900073078104924e-01 -1.043411946752499375e+00 -2.501677590693461184e+00
5.500923544068376803e-01 -7.098402547733400070e-01 -2.422950547840969193e+00
-1.746682211574068333e+00 4.315096618209038892e-01 -2.741794075724627078e+00
-5.954644239798199123e-01 7.536361704953292717e-01 -2.508534177263101128e+00
1.091655476795610813e+00 1.351473222487289128e-01 -2.584557096478647509e+00
1.719259451137296502e+00 3.631771510422225901e-01 -3.341024982004753952e+00
-1.268692976038366282e+00 1.244440871684585170e+00 -3.077228699570397907e+00
3.961169323284013388e-01 8.311397724286048172e-01 -2.394869974682961811e+00
1.307775466751357918e+00 1.211111911003835084e+00 -3.006345907953743790e+00
-1.123578646619307619e+00 -1.462332132538008977e+00 -1.927647547187405053e+00
-1.935427814090218135e-01 -1.836443736621973244e+00 -1.870404939101206310e+00
7.881527312587784939e-01 -1.664640709068393676e+00 -1.980192642385176782e+00
-1.717696201214764073e+00 -6.593935896052158796e-01 -2.021403237152625820e+00
-7.709995684191284226e-01 -6.017005693186519011e-01 -1.533596926081216338e+00
1.659131058498404809e-01 -9.596430875721182474e-01 -1.483211100138007055e+00
1.537319518428214682e+00 -1.007107341581857440e+00 -2.066014437915555391e+00
-1.827238585312500163e+00 2.982151895547185960e-01 -1.753963513382501560e+00
-8.475754421477574851e-01 4.078582243026548926e-01 -1.584841720816598354e+00
5.385500224842694472e-02 5.546102157699259877e-02 -1.840799896928203339e+00
9.607071665390444215e-01 -3.509313361121826347e-01 -1.576218687418020181e+00
1.842010610585922192e+00 -6.136410167354711120e-02 -1.952644456309741372e+00
-1.430529451308999001e+00 1.151636664886656947e+00 -2.094199247436932865e+00
-8.041966297803071484e-02 1.047772511967843156e+00 -1.530165672526749177e+00
8.339846900790739426e-01 6.397477110300351377e-01 -1.511670109103249615e+00
1.601608567995039811e+00 8.977559527961236352e-01 -2.103093369113835820e+00
-6.195149804901944890e-01 1.732452845052880885e+00 -2.021903457231388757e+00
1.997856258887504843e-01 1.798548890708956405e+00 -2.591559043031168130e+00
9.129145540183449814e-01 1.602370562090214223e+00 -1.918326278439877797e+00
-1.520177445067247390e+00 -1.093968015749794631e+00 -1.083673828365419922e+00
-7.391159303449086337e-01 -1.722035497858456665e+00 -1.038943421477441120e+00
3.648799837738334051e-01 -1.838186376661951726e+00 -1.034708098214238703e+00
1.281405402103087843e+00 -1.363118844907631910e+00 -1.164189953321312032e+00
-1.868870223980991341e+00 -1.795289587366539763e-01 -8.747885356187197203e-01
-8.957489962740226019e-01 -1.592468705361369530e-01 -6.439700213938550633e-01
-2.911599960156365796e-01 -9.538020416022021664e-01 -5.804474962152994522e-01
6.919329794844663040e-01 -7.730373814417816902e-01 -6.115435375159847808e-01
1.801357375217403023e+00 -5.132179849964302321e-01 -1.050365284457626558e+00
-1.786136649428229362e+00 6.033735842332653698e-01 -2.553221599994941471e-01
-5.954505550078863507e-01 7.971412677916187572e-01 -6.792621812911647794e-01
1.036893503189848964e+00 1.679395915417211393e-01 -6.235866434425361149e-01
1.785617110009694697e+00 5.542313205956215239e-01 -1.165906939237387974e+00
-1.524445159206194944e+00 1.085598385024866497e+00 -1.099323952528422410e+00
3.958617958868151376e-01 9.372692304700456223e-01 -6.568000014558066368e-01
1.257829847877951046e+00 1.389745099134877648e+00 -1.003151415001184432e+00
-7.339665966830892785e-01 1.724464779343561460e+00 -1.028495312446196408e+00
3.614335203063378521e-01 1.837376228049547366e+00 -1.095932382590973475e+00
-1.101178323439597762e+00 -1.530953948361727157e+00 -1.262428797100909605e-01
-1.637039823449981668e-01 -1.878565518335761908e+00 -1.740345064755928206e-01
8.231657665331300056e-01 -1.691170105570819260e+00 -1.552204016205536163e-01
-1.728524744344724695e+00 -7.539862876940617298e-01 -6.760217142323199369e-02
-7.659207323502243980e-01 -6.657683590086946879e-01 2.535439772977806649e-01
1.940998596981490798e-01 -9.720268265621712089e-01 2.956167840308382422e-01
1.575857798353799355e+00 -1.035232793288514586e+00 -2.206161290789907525e-01
-1.882437132880596664e+00 1.600595952278957221e-02 5.541423530060433089e-01
-9.440007327696235961e-01 3.430112616038132889e-01 2.248372742656151169e-01
8.887399891483462044e-02 9.011481846719057720e-03 -3.196281112411298864e-01
9.661966117067714022e-01 -3.370783084161388388e-01 2.465137282410249098e-01
1.884107303618276497e+00 -7.939370237156140320e-02 -1.478844656614768382e-01
-1.565314068396304492e+00 1.009577592147041125e+00 6.655658540759982200e-01
-1.582656668852848725e-01 9.686232947183959219e-01 2.038301935228280515e-01
7.904917613894500983e-01 6.477768161481423093e-01 2.221694167648738116e-01
1.659208062121632077e+00 8.927276312832582716e-01 -2.328801459431417697e-01
-1.225898391254716557e+00 1.430382494210279409e+00 -2.064467055905510051e-01
-1.711842554885265599e-01 1.877719268688481602e+00 -2.152886395677313658e-01
8.135043814321849531e-01 1.699732921910133587e+00 -1.619555822136646839e-01
-1.496378938291925920e+00 -1.133228242411007614e+00 8.301919605260010826e-01
-6.162628588437542021e-01 -1.776414481195857320e+00 7.176405389831199688e-01
3.942905288417967169e-01 -1.837789862013082143e+00 7.578152684518673077e-01
1.285886185976379270e+00 -1.372466835219000814e+00 6.833670492517434081e-01
-1.752850945608386724e+00 -5.982336516242696689e-01 1.644165918094141698e+00
-1.040102289765698629e+00 -1.707593499537978232e-01 1.079437674088379318e+00
-3.309754529315966920e-02 5.770252941810189752e-03 6.848131725112182044e-01
6.491450451914884123e-01 -7.652740497502605876e-01 1.163987174601932573e+00
1.810729917532059474e+00 -5.030207523875276365e-01 7.568766619657427697e-01
-1.808499747986374473e+00 4.439582896228271292e-01 1.457475545797207950e+00
-6.233642833387023074e-01 7.675890363966523244e-01 1.071699990472083863e+00
1.005456191704942714e+00 1.738367457885591771e-01 1.164752968295526436e+00
1.814990079968030079e+00 4.938806653497456178e-01 6.717264548852168726e-01
-1.279638833559090472e+00 1.347458785858336672e+00 1.563427568016848790e+00
3.622605903688267959e-01 9.369591277533175777e-01 1.079641111341981929e+00
1.251586235807896630e+00 1.403097127500666286e+00 6.893873385295953282e-01
-7.507754863074467266e-01 1.724056566187343709e+00 6.253942856856837818e-01
2.932488379980982551e-01 1.857376776086557157e+00 6.811313899192269483e-01
-1.084079084489331990e+00 -1.505231333094059210e+00 1.661968470041156776e+00
-1.471621777249652041e-01 -1.851281945229928283e+00 1.604041602147725953e+00
8.332952646730588109e-01 -1.656654145169312642e+00 1.640726688362000862e+00
-1.521787875168030268e+00 -9.846972614141407121e-01 2.539918613778476164e+00
-7.477704483974463301e-01 -6.306805182899779538e-01 2.014028738437896759e+00
-3.526200777940857733e-01 -9.063567119368940439e-01 1.136477474121588616e+00
1.574525422612958581e+00 -9.849492174828498037e-01 1.601405365022380956e+00
-1.814763882047444099e+00 -2.612996951837942561e-02 2.501135900214848995e+00
-9.306793046480805742e-01 3.489063792349286763e-01 1.927291237466327578e+00
1.619010983304899204e-02 -1.632174196245728126e-03 1.756073234194483579e+00
9.339611815395492123e-01 -3.527126783231722129e-01 2.038002947085468364e+00
1.854576005966297236e+00 -1.371159149026368596e-02 1.662340300295799933e+00
-1.557263113534617105e+00 9.393622632631961622e-01 2.436518852466485807e+00
-1.444348800343107087e-01 9.660741569457385047e-01 1.973770741682192797e+00
7.984439559901440608e-01 6.385821473318195052e-01 2.044764419085663310e+00
1.589530759147290917e+00 9.656381711000827650e-01 1.526820312542901403e+00
-7.534631445816017958e-01 1.659602643980035763e+00 2.364615914310584266e+00
-2.797910049016678613e-01 1.839553004381089263e+00 1.501934531725375166e+00
8.560692984561969476e-01 1.649032803044417239e+00 1.579662175342555486e+00
-6.429971761425719023e-01 -1.693663692008897215e+00 2.540176489449667674e+00
3.678246628944010221e-01 -1.767632645288372828e+00 2.658832095228223391e+00
-4.380355100873032370e-01 -7.798231439300167267e-01 2.956389119776155372e+00
1.781381118494091420e-01 -1.008730762628957223e+00 2.034402753602207348e+00
5.624644566936899404e-01 -7.594791666611797609e-01 2.960016812277480813e+00
-1.678076208066627828e+00 5.222728948132693283e-01 3.337597856009221431e+00
-7.742020261457867036e-01 4.734543920532229833e-01 2.907150007263166636e+00
9.932306191203118528e-01 1.451362942181081139e-01 2.973995509055235242e+00
1.712952353128595506e+00 6.078170014040347180e-01 2.455113625429085289e+00
-1.130596911247565117e+00 1.354849648343178670e+00 3.240845494116047831e+00
2.789826537679763740e-01 9.226917174721107617e-01 2.885196491408508646e+00
1.131616495627557839e+00 1.412772062454199951e+00 2.583340208943218030e+00
-1.150128798249966167e+00 -1.321619887742471633e+00 3.405453847265644818e+00
-2.387135126954689213e-01 -1.731506669282481425e+00 3.455290791262553896e+00
1.248473365937928792e+00 -1.318507895743579184e+00 2.486258252868501550e+00
-1.398916683112815917e+00 -9.081319377383039182e-01 4.285523488911370471e+00
-6.718256559226176705e-02 -8.391431279425063394e-01 3.890443237467263060e+00
8.020124635542781322e-01 -3.392493431822742878e-01 3.846849466895732483e+00
1.486966361836016048e+00 -9.308288388054819507e-01 3.377257870143678176e+00
-1.686727982991357067e+00 -4.764816176692221461e-01 3.394128204646125191e+00
-8.154332577824305872e-01 -1.580559706906115025e-01 3.773909461219742578e+00
4.830488159126310882e-02 3.793746445188399957e-02 3.299489725847275956e+00
6.253509224705610103e-01 6.531499637885957998e-01 3.864831157209409174e+00
1.768821935106767329e+00 -3.825484237711833657e-01 2.589822761078426794e+00
-1.349638712290300191e+00 1.003926549489316145e+00 4.151281694727285476e+00
-3.955448289934082595e-01 8.776934127733305724e-01 3.802331373483651245e+00
7.434095655158701188e-01 1.578582299024488433e+00 3.491306362408273856e+00
1.491288145916702668e+00 9.236665551074998426e-01 3.378725512925947250e+00
-2.121466442188193469e-01 1.751813316582892854e+00 3.246771317344062435e+00
5.261481194612243478e-02 1.675432112972765619e+00 4.209148817705748336e+00
2.403574799228305470e-01 1.807175686248016611e+00 2.356210453437892038e+00
-6.106587257034163940e-01 -1.543686838512854820e+00 4.365285885932847165e+00
7.426050208162690014e-01 -1.571841291609217706e+00 3.566896833241327336e+00
-5.543088854181377201e-01 -4.755642155893724521e-01 4.690069996464067081e+00
6.306969136334709125e-01 4.638673599497206701e-01 4.885505921367705895e+00
1.546967720717532302e+00 -5.678685916443555470e-01 4.473681784017299101e+00
-1.671973068921928984e+00 5.897390984199625541e-02 4.246249121714686936e+00
-3.695933929701880061e-01 5.077090071352652334e-01 4.909505862127013565e+00
5.102770584853206781e-01 -5.193693638844365523e-03 5.787666988879670349e+00
1.729682583711272814e+00 -4.411416552457581020e-03 3.666596727355822427e+00
-7.209942670336459969e-01 1.438500377648434414e+00 4.797263227719187562e+00
2.129319205735719089e-01 1.542814484586125356e+00 5.187481159810607423e+00
9.429952753894385031e-01 1.344456969998313989e+00 4.523336581388962330e+00
-2.279233801381508329e-02 -1.553942819474926296e+00 5.211205505959485507e+00
-1.243219266071463380e+00 -6.875429874321667967e-01 6.048703403164611636e+00
-9.628949831087965094e-01 -1.214380924823643682e+00 5.241631535438036060e+00
7.348715617891600216e-01 -1.463462481093429801e+00 4.561139624549468863e+00
1.187886700741332069e+00 -9.795752469845240284e-01 5.311545091563185217e+00
-1.516041414574161195e+00 -3.881569770408077602e-01 5.133530682890353525e+00
4.545751355392476101e-01 -5.238456472938111119e-01 4.801160506946802187e+00
1.538561519499494379e+00 -2.019545495372199184e-02 5.314017533252935799e+00
-1.452053990531013028e+00 6.084634118461728081e-01 5.064399194095879686e+00
-9.318247127859962120e-01 1.143723128373056230e+00 5.730411846437817758e+00
1.001091420214120786e+00 1.103243348352472619e+00 5.620547936159769442e+00
1.552672253295229066e+00 5.478727451052172182e-01 4.485107956449231104e+00
-5.814061630134403913e-02 1.402567439982605801e+00 6.142711292281383351e+00
-4.496045990661912128e-01 -1.339834843204087633e+00 6.090746111355263004e+00
5.480954327961911066e-01 -1.312562160672698042e+00 6.005374717218521674e+00
-8.229390858585645674e-01 -9.292556955426789500e-01 6.923993894880827504e+00
-5.651537397852735012e-04 -5.330925633902694472e-01 6.477477373585406539e+00
1.237872364713471507e+00 -6.203986318747212181e-01 6.245144360909739234e+00
-1.392700456493798811e+00 3.023972672458258848e-01 6.018228582871095078e+00
-4.959401144727166866e-01 -1.074348147409693865e-01 5.697393986386342313e+00
-4.439347109700975125e-02 4.673000715544728401e-01 6.497443666568276655e+00
1.338186925645671321e+00 3.744511721288937278e-01 6.218937111416006580e+00
-9.215555819479135380e-01 9.041948365551245592e-01 6.704005903869595606e+00
-8.784154885206874042e-02 1.166559711925886589e+00 7.211393479261118067e+00
7.489614731653411184e-01 1.070506613456073675e+00 6.633499446314467640e+00
-9.560632148324543778e-02 -1.058392605716235835e+00 7.598720784442542175e+00
7.108114741078775944e-01 -9.929225615527883519e-01 7.009669704906990262e+00
-1.233240603343176645e+00 -1.472195114438079599e-02 6.956006720833169510e+00
1.439355319543352274e-01 -1.109335491447893673e-02 7.375293135117000354e+00
1.176756812952808540e+00 -1.031091366809278043e-01 7.153556540562778565e+00
-8.577976755647682694e-01 5.979564808691909539e-01 7.654246530654981839e+00
7.661686856160146997e-01 7.445568055486256887e-01 7.579847446045906878e+00
-8.753818157103694375e-01 -4.675955319356859263e-01 7.811895987700107291e+00
-1.732892438180755335e-01 -6.865856369115164171e-01 8.524705995120616109e+00
7.340695281834694885e-01 -6.095498743011802389e-01 7.933909413518934528e+00
-6.734087949088660707e-01 1.827079990845370261e-01 8.545225227583770788e+00
7.035011287784477263e-01 2.491702301788069618e-01 8.447035453623206180e+00
-4.242023308293596529e-02 8.635364827047961045e-01 8.168835614505184139e+00
7.389672765402857668e-02 1.763791471598879709e-02 9.190378311520857935e+00
