-3.453585674708818942e-01 -4.770808623358959721e-01 -1.199652597966965573e+01
-3.998205547061957077e-01 6.171442643357321067e-01 -1.150144689375974849e+01
6.912893885417981110e-01 1.799942184144364687e-01 -1.158059890273666781e+01
-3.354839894417551704e-01 -9.438209048461061457e-01 -1.022349866581494382e+01
3.523352563569085993e-01 -7.584578558752639310e-01 -1.107975303930588495e+01
-1.047251619836401915e+00 -2.186888216822637787e-01 -9.800273152950154554e+00
-8.673160446363112897e-01 -2.135919697910253490e-01 -1.080980608606333249e+01
9.629732595134029571e-01 -1.011882929349638971e-01 -1.041482028753770805e+01
-6.561420720974808773e-01 7.446913082165558251e-01 -1.027695762987501382e+01
3.964146609974472102e-01 8.326592930169296469e-01 -1.066277413763089044e+01
-9.258532811102497817e-01 -7.622736896027646480e-01 -8.855478710742801240e+00
3.657778989736030356e-02 -1.155522201453550224e+00 -9.193616307514645314e+00
9.575460814257815700e-01 -5.942531466461247192e-01 -9.408280758235903818e+00
-9.009925278957808814e-01 7.055886164183425846e-01 -9.281086234742872421e+00
9.848392418417808436e-01 5.069663618000317395e-01 -9.544772120296727280e+00
7.222238879036647907e-02 1.101865886587418686e+00 -9.568625702829095303e+00
-2.398121356419551375e-01 -1.250879775669815785e+00 -8.208565416121999192e+00
7.747009984345916145e-01 -9.738076244880886634e-01 -8.473855295376537811e+00
-1.239376166138299595e+00 1.673644394837283389e-01 -8.418430540522962247e+00
1.241226814462261484e-02 -7.553408531762784150e-03 -9.610576610714517187e+00
1.232485704105960256e+00 8.888246927437511158e-03 -8.577211046955326879e+00
-3.219661808217750831e-01 1.195982118475608980e+00 -8.524786824631831905e+00
7.293094904472757767e-01 9.883903565471376940e-01 -8.613137251466099542e+00
-1.100881287866386060e+00 -7.194842183553191717e-01 -7.806156767790241702e+00
1.410847062248956341e-01 -3.662653476887953730e-01 -7.644073051206859759e+00
1.240722727349187871e+00 -4.672883498515005840e-01 -7.697159172070016098e+00
9.737304251122123888e-02 6.692448448059383492e-02 -8.595729767750796668e+00
1.169236310525606282e+00 6.164784054366120314e-01 -7.738343965522005874e+00
3.265390476379824714e-01 1.284048512936040165e+00 -7.706293057858715656e+00
-1.025377317716191783e-01 -1.365642440364879917e+00 -7.223604852228504569e+00
8.871706261643191871e-01 -1.074992771660006952e+00 -6.938902276482053821e+00
-1.329379004800060216e+00 2.433866827345294026e-01 -7.424378596728232083e+00
4.216459486495784392e-01 -2.190110622122034556e-01 -6.373433416609046276e+00
1.393776870453649064e+00 1.293103938275126652e-01 -6.866499265293057874e+00
-7.337207974562005575e-01 1.116138122256898901e+00 -7.593713626171549436e+00
8.914466091512405210e-01 1.077379718423225219e+00 -6.883567386416444833e+00
-2.745711345462495956e-01 -1.423653857481667728e+00 -6.210988216324125233e+00
7.490880400510296910e-01 -1.261907349068124518e+00 -5.957673990217955406e+00
-1.008887083381779348e+00 -9.751422337314892275e-01 -6.825208823388251744e+00
-5.003437111061828091e-01 -3.947972226283695818e-01 -6.024848218207864647e+00
1.395420749490682510e+00 -4.390240228327257910e-01 -6.025792049443666087e+00
-1.429026659883760431e+00 -6.976866104908197030e-02 -6.472146703506197696e+00
-2.770155174136590404e-01 2.539694782861683375e-01 -6.959936949141635409e+00
3.055281882880791881e-03 4.729733354912739607e-01 -5.723769199140960495e+00
1.296545909508104666e+00 6.794131687467370728e-01 -6.012369150541573504e+00
-1.077594391096624804e+00 9.189987569453766936e-01 -6.660499334232994784e+00
-1.325657272601716841e-01 1.399704925429671620e+00 -6.789981676894058182e+00
4.939445052819307902e-01 1.378068152923930034e+00 -6.010283567144028893e+00
1.614554803225649871e-01 -1.509076343145963506e+00 -5.147987243106982191e+00
-1.354390216037614891e+00 -7.502440964735654916e-01 -4.568260231869786026e+00
-8.382582171437604757e-01 -1.247903554341831978e+00 -5.395251340613626212e+00
1.104096518777910818e+00 -1.051488907288145924e+00 -5.022436051700537973e+00
1.508632802031258935e+00 -4.003590486631196654e-01 -4.304323067322826546e+00
-1.445537342321273400e+00 -3.896674051545971906e-01 -5.497298618320456853e+00
-5.483769038927874817e-01 -4.518812226174873103e-02 -5.003218252594535898e+00
1.508378480954246426e+00 1.452340738373991691e-01 -5.189086934579378863e+00
-1.334314835852978831e+00 6.486931876673323050e-01 -5.712609087053365897e+00
-5.650846295834668354e-01 1.359744402266805041e+00 -5.883266544922207686e+00
7.195687380409887535e-02 1.519440284915887007e+00 -5.086445985530247071e+00
1.043278813758923063e+00 1.103300346280517985e+00 -5.134437562869095473e+00
-3.592796197458056895e-01 1.525850284445728899e+00 -4.155053249471080790e+00
-5.611047474645260991e-01 -1.449590684690377884e+00 -4.442286179772636956e+00
5.585175255661608551e-01 -1.462146139589350469e+00 -4.208796233323639058e+00
-1.578413284109231540e+00 -8.082678290192291115e-02 -3.850547797404800576e+00
3.414190629616702388e-01 -4.937605346363085346e-01 -5.392139170605432241e+00
1.298761751105305118e+00 -9.256685966196158688e-01 -3.476047982733689423e+00
-1.505021444173678447e+00 3.147920992065689205e-01 -4.780446749336704215e+00
-5.639159723884574760e-01 1.170618133006095241e-01 -3.988281557152063783e+00
3.635233796085825531e-01 3.355620681504385416e-01 -4.693056772274871946e+00
1.423614627570355395e+00 6.401901458784761134e-01 -4.302502984868198155e+00
-9.259389174652028487e-01 1.215901996831096010e+00 -4.955537837177899974e+00
2.890122225179383442e-01 1.573730705108987493e+00 -3.330436001452127925e+00
6.895830753608324093e-01 1.403640814624341093e+00 -4.237781279750805652e+00
-3.253554482941751758e-01 -1.562066626944215386e+00 -3.456458533171129943e+00
-1.517222529218855698e+00 -5.622903503019642812e-01 -2.759053791625206031e+00
-1.207577134415231512e+00 -1.033836389020777347e+00 -3.616372582223760901e+00
5.805227714427995123e-01 -1.503172725149028111e+00 -2.984762254126806624e+00
1.548102481624064719e+00 -4.852426430887817332e-01 -2.602966878217529256e+00
-1.492249214887209519e+00 5.967473946703660825e-01 -3.118684694218444520e+00
4.632922437399343840e-01 -4.397931986939056515e-01 -3.991451018892377078e+00
1.594441594077825597e+00 8.277107357678045729e-02 -3.428673779806160837e+00
-1.239974207620008428e+00 9.681075544149614354e-01 -4.026963307399810788e+00
-7.629295310852484135e-01 1.409918913885433778e+00 -3.241175821789354927e+00
8.605285642115121369e-01 1.378326146825125775e+00 -2.506540245265682643e+00
1.198738923691519798e+00 1.055513780534584889e+00 -3.411237769712542445e+00
-1.706856741983955317e-01 1.617645933491800525e+00 -2.438344955391329449e+00
-8.632045017957210575e-01 -1.373480347800139612e+00 -2.608868634549637022e+00
1.040902090164858906e+00 -1.259325260411699787e+00 -2.130088316727324127e+00
-3.300104197378601611e-01 5.216516474700048089e-01 -2.815371865474929791e+00
-4.152174231421099648e-01 -4.343858213486839759e-01 -3.164349853462965712e+00
5.667043605439409104e-01 -3.323935537875399859e-01 -2.966051019910452169e+00
-1.609961230812501753e+00 2.721852401062638260e-01 -2.176318917464470815e+00
-1.126141645934055191e+00 1.177138102096855210e+00 -2.338600038772995049e+00
1.518808628316952847e+00 5.736245646180728741e-01 -2.559489804273084701e+00
1.641749083556626188e+00 1.178431989855717628e-02 -1.723627305770747853e+00
-6.288941955302362885e-01 1.520260882818230241e+00 -1.515698761339862699e+00
3.232480585552845453e-01 5.482472616965442525e-01 -3.645986667557508554e+00
4.470682585148727517e-01 1.581635000400133162e+00 -1.616549428810017730e+00
1.714728262261626390e-02 -1.633199871798495906e+00 -2.154488853287361394e+00
-1.328094378538779097e+00 -9.622377875928123103e-01 -1.820896895084445077e+00
-6.737524735438142898e-01 -1.892354709344772346e-01 -2.190288711769525776e+00
2.841719036415692456e-01 -5.497373815087769344e-01 -1.843840343415735106e+00
1.343897052706010120e+00 -9.561046395618291172e-01 -1.219695141228044122e+00
-5.320332840695840559e-01 -3.950194472580932370e-01 -1.215193065880228573e+00
4.867910720753219622e-01 4.190138191626003317e-01 -2.239012788189810976e+00
3.469268089386083331e-01 -6.410965236179606563e-01 -7.762712663651996081e-01
-1.401675361839323841e+00 8.658978076820320613e-01 -1.353117688145943021e+00
-2.293176311801659040e-01 5.104620082827751038e-01 -1.530240917777717868e+00
6.952228105819060477e-01 1.747739790330338494e-01 -1.287504666413241239e+00
1.309931900701913010e+00 9.914326138206096539e-01 -1.663699613950853973e+00
-2.409352632453476417e-02 1.653974232350884588e+00 -7.256310998700854498e-01
-5.579247648903447043e-01 -1.550462944632656104e+00 -1.336529649175972168e+00
4.832196042415477510e-01 -1.576372855447388588e+00 -1.261824951299772124e+00
-1.290491327893846574e+00 -1.033730300491370713e+00 -8.131899459498015403e-01
-4.843720743648987082e-01 -4.855909457739358004e-01 -2.084633407427958218e-01
1.328821202715154914e+00 -9.891692989986751172e-01 -2.139209119186347152e-01
-1.641228649623286628e+00 -1.580529612887602298e-01 -1.258020851368428339e+00
-8.659034874559807804e-01 3.542039843243273700e-01 -6.287547478033417292e-01
6.950806842285337517e-01 -8.278359834324078292e-02 -9.318307561045457987e-03
1.651234219277610826e+00 -9.904642061037804979e-02 -7.184367493830023932e-01
-9.401783766830220657e-01 1.363741430528329523e+00 -2.745247513229571723e-01
1.273653725053980335e-01 6.121506981695765681e-01 -5.886637867848349970e-01
9.713115130545302289e-01 1.338632265146185940e+00 -7.591299129012014646e-01
-5.529187077579535980e-01 -1.561277765742559609e+00 -3.172363317550122019e-01
-1.636707010810880547e+00 -2.384434766600662670e-01 7.478424192198861453e-01
-1.264968497926474811e+00 -1.069487920166579897e+00 2.493715272364969426e-01
4.796976774882028005e-01 -1.585516730601895574e+00 -2.465561485890361837e-01
1.284052182668693920e+00 -1.042038942847753447e+00 7.881080411188111645e-01
-1.639872373832901076e+00 -2.338548060744898294e-01 -2.583490643402654996e-01
2.577998199925193301e-01 -8.976004139347537603e-01 4.638868578381998842e-01
1.646538116083361203e+00 -1.788999297754827467e-01 3.369715764062964913e-01
-1.515510633226227810e+00 6.687798079597172540e-01 2.378530763658559255e-01
-9.496753405693425520e-01 1.354050721209743902e+00 7.609454730229122665e-01
9.010404940729687118e-01 1.389547343371661192e+00 3.688457656993595624e-01
1.485260615929854477e+00 7.339542302024190112e-01 -1.337783787836883675e-01
-1.191333615457494943e-01 1.652124003643792527e+00 2.770977748658640105e-01
-1.246469336028411590e+00 -1.079392119156324270e+00 1.254191585444101475e+00
4.996107982834873673e-01 -1.571550101393299315e+00 1.239549847270364102e+00
-5.519798341996988711e-01 -3.328806504631103280e-01 7.781084282327115353e-01
-4.860439154282687468e-01 -1.581308898086589920e+00 7.017684383543506543e-01
5.401400257927343462e-01 -3.827041453025969986e-01 1.300897472809738220e+00
-1.514794673269946657e+00 6.507570747403975675e-01 1.270481833433653396e+00
-4.684638815377013543e-01 5.260254354168323321e-01 1.304135883663827045e+00
-4.491458028269619263e-01 5.523298463239290079e-01 2.780590635045164793e-01
1.498650854299899970e+00 6.973950494194892658e-01 8.719850473952567294e-01
-9.373692054218878411e-01 1.346928026119967425e+00 1.768322160919080011e+00
-8.269967044194004302e-02 1.646495219052784176e+00 1.277586628329977936e+00
9.151857431069684301e-01 1.369392886047458902e+00 1.389703711219050675e+00
-4.528485712987162515e-01 -1.578074605716565770e+00 1.725159910216532699e+00
-1.234202566272045942e+00 -1.066158669781415824e+00 2.258998574984182550e+00
-3.723314288770751546e-01 -5.158193622934277300e-01 1.746608679152690469e+00
5.374330942469004446e-01 -3.659046942083534759e-01 2.301445272685199050e+00
1.237714033058778140e+00 -1.076884939899187543e+00 1.789555329989635402e+00
-1.621160256353078921e+00 -2.544018329005410806e-01 1.768253419803527349e+00
4.220756991139361092e-01 5.676454196236331295e-01 7.756065351718643974e-01
1.631638412166411145e+00 -2.295482072611321200e-01 1.342887428554627949e+00
-1.498798566329867299e+00 6.423657853263264883e-01 2.271175113174223714e+00
-4.575716835242786829e-01 4.978989124202766181e-01 2.340151464116479119e+00
4.444752546195919751e-01 5.000816506014600371e-01 1.786651863524555850e+00
1.503753929226504971e+00 6.520516062775035815e-01 1.874286521996822552e+00
-6.526556644088543635e-02 1.628571974648236331e+00 2.304280090556057647e+00
-4.714362956094504398e-01 -1.548874380724683419e+00 2.724809914471800987e+00
4.402716498839246984e-01 -1.570843025218977118e+00 2.239834529641520522e+00
-3.711978422643795739e-01 -4.899997490650207510e-01 2.764873875251579793e+00
3.795597675501559687e-01 -1.556327931283533417e+00 3.275329836833376973e+00
4.990261257040849996e-01 -3.859138056063784461e-01 3.302097604451599722e+00
-1.597066323333379501e+00 -2.570174880067526146e-01 2.774867100650056706e+00
-1.469562517639573684e+00 6.352337851906731947e-01 3.303511253201846021e+00
1.496711345120708359e+00 6.057631777424500319e-01 2.876666561327241745e+00
1.607345545789131469e+00 -2.634495460596895100e-01 2.349977466876384202e+00
-9.148249549026417071e-01 1.334028239493513457e+00 2.776406190217573400e+00
4.203064751513937991e-01 4.872825512035393603e-01 2.820414006094612347e+00
9.282020912137377566e-01 1.337189194798891423e+00 2.392110601258969016e+00
-4.643637241168505625e-01 -1.508983077998465205e+00 3.891304665054985623e+00
-1.193666934017031167e+00 -1.067861418119619543e+00 3.284975638138369458e+00
-1.187580378718280372e-01 -5.262130291336859500e-01 4.128057543239573413e+00
1.119573305113376271e+00 -1.116266166538409266e+00 3.838275601982322982e+00
1.178987317491626330e+00 -1.106912660642066726e+00 2.790093467727681631e+00
-1.560934518570249452e+00 -2.549526331860221262e-01 3.822430085346748996e+00
-5.172972753957338909e-01 1.757752907588764901e-01 3.517659218467679150e+00
4.341587180101108556e-01 4.618663537444123723e-01 3.877824372659809615e+00
-1.430674479170235713e+00 6.197028754922370153e-01 4.341822773122545165e+00
-8.841063608569754706e-01 1.311504124149224682e+00 3.821106753052881722e+00
9.306735902157754481e-01 1.297725506299908016e+00 3.418588496503977225e+00
1.471519955437628591e+00 5.731061904636949311e-01 3.882369781802692543e+00
-6.626322859041522406e-02 1.599126747224186573e+00 3.317463377849807493e+00
-4.706832469958044385e-01 -1.451405772555901308e+00 5.001697732826817067e+00
4.015879870591674838e-01 -1.500978091645222889e+00 4.455415180826200583e+00
-1.190662059618034618e+00 -1.001450534254487934e+00 4.412301396941692211e+00
6.118274496452847933e-01 -6.976001762947703355e-02 4.729825280782597119e+00
1.567871282115452791e+00 -3.161918582763973973e-01 3.348043729136687574e+00
-1.514633184835517454e+00 -1.902361243187300488e-01 4.988580171682713171e+00
-3.895592024868648195e-01 -3.910939068517507167e-01 5.114015355696678533e+00
-4.004379431934665945e-01 3.976085731003625168e-01 4.487577448310910988e+00
1.524368615038666164e+00 -3.253893938619967230e-01 4.350683254584052584e+00
-6.480844594515531298e-01 1.392675228990305714e+00 4.809393694449775936e+00
2.415433656852591093e-01 1.543561229032197613e+00 4.271676340847767150e+00
1.074786838485268126e+00 1.110017910940692465e+00 4.633040925428963952e+00
-4.338956758265766211e-01 -1.384157512661104761e+00 6.201414613886374383e+00
-1.150717323038108475e+00 -9.482325705272955929e-01 5.595330738444785013e+00
-1.110126931404096240e+00 -8.591331502263415132e-01 6.817576686118270501e+00
3.813242809635519204e-01 -1.445439818732324966e+00 5.533830948388881232e+00
1.137840461359286515e+00 -1.017020385389699300e+00 4.996349194753635814e+00
-1.465292860816518328e+00 -2.770745992773981925e-02 5.986278507370811575e+00
-2.587034409674515700e-02 4.554101142896201382e-01 5.524033950374673374e+00
1.227029189083084670e+00 -8.010805299611121200e-01 5.988893169498707536e+00
-1.288242037730555012e+00 7.815166362184601256e-01 5.337104226933741202e+00
-5.597309420727611950e-01 1.367283740760624866e+00 5.808645563768645381e+00
3.782083839608211817e-01 1.394477836340522137e+00 6.280971868957915483e+00
1.509028639255673987e+00 6.061980766088014005e-02 5.277709454361693808e+00
3.002930372850314833e-01 1.479808808012879506e+00 5.282443311787258011e+00
-3.095241764096101633e-01 -1.325319060278687289e+00 7.319402848868850064e+00
5.449668018172078021e-01 -1.317505354821605579e+00 6.537529980122147144e+00
-1.060715931537160372e+00 -7.762026817475202733e-01 7.813777695554476210e+00
2.351713423940379744e-01 -4.350927095684511414e-01 5.937687372353308568e+00
1.240514479797921066e+00 -6.229267280737218471e-01 7.006744251125851974e+00
-1.369968369069852088e+00 1.009391324559907044e-01 7.175623729806185125e+00
-5.622082805819133000e-01 -1.304700516116952258e-02 6.464303577322964678e+00
3.962472330782029761e-01 4.022866305979745372e-01 6.466018420472892103e+00
1.432281874011852807e+00 1.912661071422525894e-01 6.279051040391680161e+00
-1.154944778084242785e+00 8.393287452064048804e-01 6.511966331056566304e+00
-3.672504104910672140e-01 1.343931419137386563e+00 6.946049354805928999e+00
1.128175428951718740e+00 9.714513448235223558e-01 5.631689128297505675e+00
-1.676639999462281594e-01 -1.247574129684693389e+00 8.345095395086577383e+00
6.955316271311164922e-01 -1.126555023693541102e+00 7.716093359850552780e+00
-1.252680324987778704e+00 1.415193690070806476e-01 8.328233649484152679e+00
1.989678793314366423e-01 -4.610221109589360822e-01 7.093103128107818733e+00
1.312890843030617871e+00 3.785924967587516732e-01 7.258727451579030543e+00
-9.472058413251431830e-01 9.229741802793677286e-01 7.730890935709630263e+00
6.635959434502910481e-01 1.196735875400390503e+00 7.235879474658264421e+00
-9.428132021741930657e-01 -7.431149105467369509e-01 8.845807060680815681e+00
-5.247477353539409251e-02 -1.261045219901006931e-01 8.298454096958669979e+00
1.267531131323370586e+00 -2.332402581400288000e-01 8.065391775355118753e+00
-8.325099174273020708e-02 4.809325026851032914e-01 7.397602127898170288e+00
9.909409125084335246e-01 8.162283673318118105e-01 8.113033621355734581e+00
2.420897297110607277e-02 1.287818979220904048e+00 8.072715833749564140e+00
-4.897099949026539889e-02 -1.136276649915686221e+00 9.333046440670011989e+00
7.888804328120327947e-01 -9.261157905140606772e-01 8.712842002127855423e+00
-1.107082389608294193e+00 2.590849016944648531e-01 9.335516467297207299e+00
1.708372666310210147e-02 3.077215121176147400e-02 9.293117788793713530e+00
1.160518010902540142e+00 2.540179627545062768e-01 8.946298126712488141e+00
-6.998583623799987663e-01 9.967132557677503835e-01 8.701763090418399571e+00
4.622178843006929383e-01 1.090286348377944359e+00 8.976290144337699672e+00
-8.382320485339675997e-01 -6.383109683626884134e-01 9.905310791902705247e+00
1.953171539586315286e-01 -9.627435493938776290e-01 1.033537128898211321e+01
9.449656536075261570e-01 -5.471409217190625895e-01 9.652938098858996341e+00
-8.992908495695814963e-01 3.858655697841792409e-01 1.035685907996919219e+01
8.291747903865189784e-01 6.633015689277852456e-01 9.852381590373301634e+00
-3.522089404172419336e-01 1.032419823555640992e+00 9.660337444783342775e+00
-6.478801944309111605e-01 -5.379752291461130653e-01 1.105326518162922333e+01
2.162428733839473760e-01 -6.090512087904613736e-01 1.181804079169226362e+01
-5.586224473425005499e-01 3.077749206755221456e-01 1.184573923435012688e+01
-1.128706059277817531e-02 -4.470302324229180613e-02 1.282988614504287916e+01
9.292278989918983934e-01 -1.362766480289678839e-01 1.057356331361019564e+01
6.239102419556952911e-02 9.329183901291507874e-01 1.059568978385961380e+01
5.085979887939559019e-01 4.126619156076479777e-01 1.178942270954964400e+01
