5.094607081841259211e-01 -9.795071322286332816e-01 -5.024964077829594089e+00
-9.604091553645304202e-01 5.906251694366826573e-03 -5.168199300355368564e+00
-5.272273465381260849e-02 -1.076128629004671211e-01 -5.583966154561935014e+00
8.835862881569144234e-01 -7.457391328250650986e-02 -5.232633207358759364e+00
-3.395868656136684649e-01 7.920061993931968303e-01 -5.253145603846547829e+00
6.356621055353256500e-01 8.765855014932407707e-01 -5.047698956819132832e+00
-2.995937964546584453e-01 -1.533987774606757171e+00 -4.384631377532130614e+00
6.944511140602904753e-01 -1.511858255513544691e+00 -4.198155413524787605e+00
-1.270858149918112190e+00 -7.606523700024467871e-01 -4.517635665528302980e+00
6.867303501069160765e-02 -6.219317720295265417e-01 -4.200482235833391087e+00
1.320576246986926217e+00 -6.508374666369434181e-01 -4.536587677067345226e+00
-1.634330637066099712e+00 1.290301264433892092e-01 -4.240529831207268785e+00
-6.173424533058380348e-01 1.069697381902511707e-01 -4.233271044852813247e+00
4.816763156096920406e-01 2.879359676423913217e-01 -4.253756987759643948e+00
1.447215896668510693e+00 3.426465768929950473e-01 -4.510774393905094826e+00
-1.107040019695261890e+00 8.932509061616704660e-01 -4.614098026815511844e+00
-1.983490467827664361e-02 1.455845486846459869e+00 -4.562362852006927483e+00
1.091993954056976746e+00 1.234501470481379926e+00 -4.227788787644257695e+00
-1.123198560559330872e+00 -1.460227598319079334e+00 -3.813578520697816998e+00
-3.195843300993175262e-01 -1.949581734235252384e+00 -3.469400015650393243e+00
7.195489986752007239e-01 -1.979540380394809063e+00 -3.045273011925146989e+00
-1.769417321478485405e+00 -7.112953256244907152e-01 -3.651286935120623411e+00
2.682790309458438216e-01 -1.146159992610819245e+00 -3.369740313908451412e+00
8.673147774749830896e-01 -3.848693751386491613e-01 -3.619178612575836951e+00
1.489731165610990393e+00 -1.164209667890403921e+00 -3.694799784229857664e+00
-2.017449157636946211e+00 1.999205774159086846e-01 -3.319238283779512244e+00
-6.670132866103699598e-01 -8.403955196037458109e-01 -3.174893839432257892e+00
-5.120199592849417058e-02 -7.466860145213161104e-02 -3.369195836149984302e+00
7.751480022342899234e-01 7.394844799237075827e-01 -3.410131279746593691e+00
1.840411795840278142e+00 -2.239200066161259883e-01 -3.785452582382163200e+00
-1.584521032050730582e+00 9.968396412139661766e-01 -3.741539191582944568e+00
-1.016759057565977287e+00 1.814869295799148297e-01 -3.316575261671744101e+00
-1.632364588459438437e-01 8.524424535258475766e-01 -3.737439487041413599e+00
1.752742590522961441e+00 7.692978936479659691e-01 -3.634123555086404167e+00
-8.054230076922834769e-01 1.586834571242138336e+00 -3.957440648389848548e+00
4.337581348667850500e-01 1.815556693338345795e+00 -3.745194288336023192e+00
1.287260851297174158e+00 1.587819681162339736e+00 -3.268315176596843230e+00
2.859606797767842989e-01 -2.298058217254592250e+00 -2.201402644856017332e+00
-1.143502215366794417e+00 -1.830707991086143238e+00 -2.883485011837024103e+00
-2.132568120825197866e-01 -1.515898242962421705e+00 -2.574574414271822320e+00
6.876143353549092341e-01 -1.076185411889284183e+00 -2.458326019103509452e+00
1.574617891629401800e+00 -1.522105760116886586e+00 -2.763939550676525414e+00
-1.865099643547821984e+00 -1.145839300542263572e+00 -2.752840324195929611e+00
-1.600919143029244651e-01 -6.276894217345727611e-01 -2.116544291589150362e+00
6.096177195631820034e-01 -2.767926096268098490e-01 -1.582706572050653904e+00
5.094911691213834803e-01 -1.309160486162852521e-02 -2.543434973571763180e+00
2.053973118833909872e+00 -6.491287421576856786e-01 -2.897707701232107524e+00
-1.399063719548763629e+00 3.761993265558252753e-01 -2.410608085944375034e+00
-5.897579854640042640e-01 1.287941738203891573e-01 -1.617873435021721207e+00
2.489176050059558887e-01 6.344783572120953341e-01 -1.824501834216846419e+00
1.414303497092558537e+00 1.223413476711941866e-01 -2.949348187372592633e+00
-1.822153642959889908e+00 1.202761977474320121e+00 -2.789956826016322111e+00
-8.617660652313077208e-01 1.138744468331440274e+00 -3.063231860646510540e+00
-3.995458570723400271e-01 4.050672454279784507e-01 -2.562027516736662847e+00
9.142789241408334489e-01 1.024418118061898753e+00 -2.461559757772747048e+00
1.896585986459748518e+00 1.178406325944540534e+00 -2.588580464695041883e+00
-3.630570469640730380e-01 2.039150966859176517e+00 -3.182856974175123810e+00
5.665858903725912166e-01 2.106537266674449516e+00 -2.797321824083667252e+00
-1.900841371128478841e-01 -2.447999865484277393e+00 -1.247403876146890411e+00
7.959761469578399140e-01 -2.336678133913679289e+00 -1.119000595745106352e+00
-1.585202268928739500e+00 -1.741413909608127142e+00 -1.987444728294576635e+00
-7.057596709831130966e-01 -2.230171244995403868e+00 -2.076949560930103189e+00
1.004578300633797577e-01 -1.542434515230510783e+00 -1.572880143784900042e+00
1.218581669116520105e+00 -2.018801849154158390e+00 -1.968964139462514140e+00
1.955809182162273174e+00 -1.350578898180671672e+00 -1.854697985296624552e+00
-2.181808268281841379e+00 -9.561463653677293451e-01 -1.820878940811624602e+00
-1.148134063523528425e+00 -5.890478799924210307e-01 -2.330199510658900408e+00
-8.544900392686827217e-01 -1.258370595422434235e+00 -1.482347639432873621e+00
1.047758661492329990e+00 -1.169712321787741871e+00 -1.468840297053745303e+00
1.437843679164955146e+00 -4.772092528398275135e-01 -2.116691778032446791e+00
2.357022036857360447e+00 -4.425351576898606254e-01 -1.713785995010368879e+00
-2.265430480243409761e+00 -1.567534023024990120e-01 -2.417661916815831091e+00
-1.458618318181720497e+00 -4.073115658322166155e-01 -1.396399064617227737e+00
9.292743659761969199e-02 -5.369850229799055796e-02 -2.719280862449124925e-01
1.581272400494692310e+00 -2.419395854315951055e-01 -1.115401370832600492e+00
2.255754917437877705e+00 2.558235352973834975e-01 -2.424594877153808170e+00
-2.231540072990839008e+00 7.497119958607945112e-01 -1.992159063930813545e+00
-8.651449767170049654e-01 1.125262261439367695e+00 -2.016282756834769430e+00
-7.251711162639651320e-02 1.551941816635730165e+00 -1.567835583678046874e+00
9.134083167008448800e-01 1.308871928853473587e+00 -1.491561726294889922e+00
1.414689035207139733e+00 4.887653224848237943e-01 -1.777750491687527301e+00
2.366457213368250656e+00 5.538545491308121127e-01 -1.473644378583102821e+00
-1.750839750257398464e+00 1.612626477652429946e+00 -1.832328012822685537e+00
-1.117771855991847474e+00 1.948538027552510377e+00 -2.531536504536816778e+00
-3.074365489905517279e-02 1.341444415052946759e+00 -2.544722799127370649e+00
1.331824205140013317e+00 1.898619318974436698e+00 -2.184672112004577116e+00
1.936438701968302256e+00 1.455493975381512817e+00 -1.520928089300511488e+00
-2.320901888418802628e-01 2.298771881628734359e+00 -2.224535534632082090e+00
5.952065305221937441e-01 2.328778130425506632e+00 -1.654864629766919393e+00
-1.150560121037429440e+00 -2.177411980298472827e+00 -1.180494457823769494e+00
1.547448948261641866e-01 -2.510305684030882389e+00 -2.190129801468572168e-01
1.659704903937330833e+00 -1.838024776002285421e+00 -1.028854137935368840e+00
-1.924852530772298564e+00 -1.553758037074572940e+00 -1.061230208504539974e+00
-5.111243467440687027e-01 -1.817132818257491067e+00 -5.011682683319520493e-01
4.636574100241924734e-01 -1.592915924362515057e+00 -5.357696638650395471e-01
1.523964021247713241e+00 -1.227090537653680258e+00 -2.467956693791961698e-01
-2.386802414549180185e+00 -7.421165308188761855e-01 -7.031377494049024790e-01
-8.295447616982301042e-01 -1.117938120345769448e-01 -6.759861117352841120e-01
-1.238720957835823810e-01 -7.110836979205288344e-01 -1.058368453108442964e+00
8.012254266997955732e-01 -6.569351781293590875e-01 -6.447232312606274718e-01
2.255983781439426128e+00 -1.041035325233082176e+00 -9.188532040968766523e-01
-2.434177797401588350e+00 -6.028181473313054539e-02 -1.436455720235002786e+00
-1.442929545216316001e+00 6.001241240498346174e-01 -1.390695233662626151e+00
-1.628312938434959278e-01 6.946510284474700647e-01 -9.003877492153691264e-01
8.239754802574118520e-01 3.454479992910038932e-01 -8.281947350105127725e-01
1.691266554859428783e+00 3.346987251644933381e-01 -3.050446463012690401e-01
2.497052949267040578e+00 -9.146559656342390099e-02 -7.167280794216139839e-01
-1.831287992491397176e+00 1.688414574679583557e+00 -8.381288977157481668e-01
-8.971584400013625782e-01 1.362563842008096548e+00 -1.034420860281457522e+00
4.073009735841188195e-01 8.941905355537179689e-01 -1.014803474938617001e-01
1.258212917296199107e+00 1.204516905937258908e+00 -5.521296813824108085e-01
2.249309053484084053e+00 1.098015221896489368e+00 -6.390745556457346765e-01
-9.880299022627667682e-01 2.206946901483419765e+00 -1.570753255165897144e+00
-1.844082696595279458e-01 2.469012130179005116e+00 -1.035870016242839142e+00
4.353971875348747744e-01 1.746333904500436018e+00 -7.277867263951520727e-01
1.337160821823281776e+00 2.084995581846977419e+00 -1.023497679862757082e+00
-7.139458442194523968e-01 -2.413029233112624183e+00 2.767540709795704990e-01
8.100616434528570275e-01 -2.360174565424145499e+00 7.729551685497362268e-01
-2.136403138587041894e+00 -1.327726395815744809e+00 7.401641520117492601e-02
-1.480190227999301555e+00 -2.035849590811096732e+00 -2.465286362369454309e-01
-1.088597737843599589e-02 -1.664436016337191404e+00 4.050286310214917807e-01
1.124489908414293193e+00 -2.253238366591290287e+00 -1.773031468459578264e-01
1.707409770297797058e+00 -1.837661493254984180e+00 5.238353671843010151e-01
-2.514325777056043876e+00 -1.555721334848669812e-01 9.788386334499746266e-02
-1.356161411666178651e+00 -9.460617700022453391e-01 -5.060368014273990411e-01
-4.318694116126664539e-01 -8.927772015286592477e-01 -1.242811048212644209e-01
4.726804897101150038e-01 -7.914374163611483937e-01 2.920230606008288876e-01
1.552437815146960443e+00 -6.749571342918159189e-01 5.869893457703778683e-01
2.386926898498735738e+00 -8.059449280692660977e-01 4.746578996149085350e-02
-2.333283563346327583e+00 8.368884267577615388e-01 -1.000644376246896172e+00
-1.809696765766517501e+00 6.712957322293763851e-02 -5.809136237651131296e-01
3.888198421736475258e-02 7.105899974823842724e-02 7.275603229107315828e-01
9.543786360104020705e-01 8.551231639935438777e-02 3.237707054792542394e-01
2.509907876193333554e+00 1.674539210224228469e-01 2.502451630717427156e-01
-2.378185867475465898e+00 8.319320629600983619e-01 -1.642582603011533138e-03
-1.426725557306284031e+00 9.586604565582607096e-01 -2.854964170686571379e-01
-6.676069737492866807e-01 4.553832074268864272e-01 1.324663809008810866e-01
-3.775529889129813910e-02 1.067859588584183506e+00 7.771852614753741451e-01
1.257670704372034098e+00 1.028035314059203120e+00 4.938144953424818406e-01
2.265967654082368998e+00 1.065904724474634691e+00 6.165812470693106118e-01
-1.731078893882241232e+00 1.829455347331767179e+00 1.479723195530749935e-01
-1.059314046571870449e+00 2.269080285419876830e+00 -5.684330913581305822e-01
-4.011136273774553729e-01 1.607116264112276927e+00 -1.927230946428579728e-01
9.832618003222113323e-01 2.319105264769299790e+00 -1.160600887770186773e-01
1.797444101390266002e+00 1.765218373097679372e+00 7.651987737363730169e-02
-8.700822772050571530e-01 2.356887799655087434e+00 4.096744968563367228e-01
1.818673236565420933e-03 2.519400975865762504e+00 -5.421581894039206873e-02
-1.095152501400008305e+00 -2.206007155356971339e+00 1.178602912336247588e+00
-1.333209008622304736e-01 -2.467602150536052363e+00 1.089595043733107671e+00
1.282054017379445465e+00 -2.042594434343186549e+00 1.618554362356069865e+00
-1.881684870080306382e+00 -1.611571238424744479e+00 1.006382183778427475e+00
-1.034813460648337013e+00 -1.479928718904758966e+00 4.617716519242733852e-01
9.379063776089208160e-01 -1.369012767677958209e+00 9.637291926718251078e-01
2.046699087378566873e+00 -1.342658455280812291e+00 1.324387422011959803e+00
-2.383842892815792425e+00 -6.933745942940987561e-01 9.530774828099983775e-01
-1.608648647451147440e+00 -4.962757137347892922e-01 3.510479147209872308e-01
3.684030574886015819e-01 -6.392347261278530368e-01 1.351137604903037248e+00
1.369735066612658203e+00 -5.577893711473365101e-01 1.563359070686842767e+00
2.431914538948729554e+00 -4.666448149505839638e-01 1.031251251230257848e+00
-2.461050243236144297e+00 3.081297834689847859e-01 9.829967870187505952e-01
-1.558517903331889443e+00 4.790596407684425961e-01 5.866656548385084102e-01
-7.119313862948359883e-01 -5.872427471292098744e-01 7.866822826217538811e-01
8.364236194142996572e-01 2.481228831664974155e-01 1.304571878518569372e+00
1.752419819975558291e+00 2.563474952000898699e-01 9.021543106271451284e-01
2.384088476826308867e+00 3.008983416849200232e-01 1.678964908385770283e+00
-2.142581010214144044e+00 1.266569197504382460e+00 8.682604282797040662e-01
-9.859694503913800645e-01 1.302104508031028285e+00 5.593644641471530177e-01
3.539281017849450761e-02 1.625711745336750003e+00 1.605188723965713882e+00
6.402454277589800791e-01 1.795457513077570733e+00 6.667598348194270219e-01
2.068825353619895502e+00 1.248919280644853913e+00 1.581651984359293550e+00
-1.479708990756776643e+00 1.977171531126791226e+00 1.107712350990089245e+00
-7.094784165993672786e-01 2.299091499681130468e+00 1.658618542488245362e+00
-3.168512450049831841e-02 2.483051454753115284e+00 9.451005236860740011e-01
1.560638446824676562e+00 1.921452855181572827e+00 1.038534816829498553e+00
-6.120295440299230449e-01 -2.261958266429829223e+00 2.053968666376367214e+00
3.789375531514205253e-01 -2.332304769079826201e+00 1.939350888932441563e+00
-2.114517633731580304e+00 -1.092405325083021239e+00 1.834301671322641658e+00
-1.482239976989788488e+00 -1.782693773811843130e+00 2.188576430442661813e+00
-7.377680240105632947e-02 -1.534394924642299429e+00 1.449109616729608252e+00
9.753187128950636664e-01 -1.988144857486403794e+00 2.666264077812017241e+00
1.771722725849473212e+00 -1.468051658729180531e+00 2.277711446648903237e+00
-2.368225926164853945e+00 -1.243857402379831001e-01 1.881512826636987601e+00
-1.341104369916848782e+00 -6.452985256536720726e-01 2.287318581677249885e+00
-1.065385623498116274e+00 -1.241279676826223977e+00 1.456155998161274612e+00
8.038068005419329864e-01 -1.253610415025548264e+00 2.009525802407506223e+00
1.432789861146204435e+00 -5.662089384581889817e-01 2.574516598246373356e+00
2.263773067989273358e+00 -6.373526351462004413e-01 2.005646379024540238e+00
-1.419277426585011881e+00 3.389176360224176454e-01 2.052647494284785878e+00
-1.522317438888720176e+00 -3.578637536709550204e-01 1.340365601205073975e+00
1.137853153385128165e-02 6.297216200782869144e-01 1.729752251809199004e+00
1.466942770308089949e+00 3.146851203930410290e-01 2.079206016289334880e+00
2.197506353591596628e+00 6.455290003273907173e-02 2.719062547800175533e+00
-2.226836605191991225e+00 8.628868381281693534e-01 1.781414356590730108e+00
-7.961431659732909338e-01 3.205033939224180561e-01 1.220961235452562743e+00
-8.371324997895897013e-01 1.160209164067788956e+00 1.764131337412503608e+00
8.334984630216173418e-01 1.091455242918530466e+00 2.419313837025269365e+00
9.486605575820410419e-01 1.235744747590465709e+00 1.436153299648303294e+00
1.982117864787405814e+00 1.028429231309630376e+00 2.554965679668102396e+00
-1.666090485800310717e+00 1.652331769651534499e+00 2.035893939971194389e+00
-1.212044340234101014e+00 1.070703927423722446e+00 2.710860133018213602e+00
6.296179792384747065e-03 2.284625824579729070e+00 2.356965350793245761e+00
1.068183477169500240e+00 3.080922231058942917e-01 2.997336311294526823e+00
1.452838186907391638e+00 1.822685114370657278e+00 2.122476195159866297e+00
-9.284282617918506730e-01 2.026707842663126868e+00 2.601886060347800900e+00
7.764132659496545408e-01 2.294894696763372099e+00 1.535025658523712977e+00
8.494555340056161169e-03 -2.166439495923086156e+00 2.853936057240169966e+00
-1.709532100252616260e+00 -1.258350003709338694e+00 3.011387760219876863e+00
-5.654489627011969333e-01 -1.287753647698011150e+00 2.322895868327571112e+00
2.742342003636691894e-01 -1.201826230596395817e+00 2.863002228466251964e+00
1.520651586831343494e+00 -1.378653937129328710e+00 3.241957396255463308e+00
-2.142014286821819269e+00 -3.760588203339665370e-01 2.822613368526049271e+00
-5.384913939383437764e-01 3.524906182788329345e-01 2.526386647127520924e+00
-4.827085618537552136e-01 -4.084951065720758834e-01 1.831466225239983148e+00
8.602494547078142206e-01 -5.907687010788862381e-01 3.395324667999263912e+00
1.896559569408299284e+00 -4.921491163088091980e-01 3.514412545766309570e+00
-1.323593548684343091e+00 1.070034681041799329e-01 3.137357999313771462e+00
-2.075235719616586039e-01 1.311558415332945149e+00 2.530164575037932462e+00
4.773941453039132199e-01 -1.915311350525001899e-01 2.256387746919171544e+00
1.876250377843979411e+00 5.072089053433517236e-01 3.557281274449776376e+00
-2.105430877575443560e+00 6.209067351396815315e-01 2.744158428521361603e+00
-6.209559627421157302e-01 7.464040865996665053e-01 3.451025616930975648e+00
3.475336001552190024e-01 9.439404718469937006e-01 3.281016396193112694e+00
6.931836848182109101e-01 2.398406412136539767e-01 3.978405629031552149e+00
1.467877026756869929e+00 1.392044346041169778e+00 3.332279800987688834e+00
-1.040599528694201581e-01 2.025230345456979109e+00 3.317525183704514546e+00
8.119573734043668001e-01 2.001318923707412711e+00 2.878820989630632265e+00
-9.411323339016064438e-01 -1.899320854695758953e+00 3.021822403590930239e+00
-2.738783637602040244e-01 -1.841479294417737833e+00 3.766677136781408919e+00
7.209892812681634178e-01 -1.733514413575903745e+00 3.728010152120532439e+00
-1.193029356130153928e+00 -1.376156705541006886e+00 3.862774917412877596e+00
-8.374419793132688028e-01 -7.770938224050638610e-01 3.142679041750235935e+00
-3.948123634458511333e-02 -8.682461470216935595e-01 3.758645999397150383e+00
1.329062250817011348e+00 -1.032359493250893934e+00 4.160348780184700779e+00
-1.783463575325498596e+00 -5.711390652585635053e-01 3.735747380686647467e+00
-7.399736269149315149e-01 -1.488002571532263119e-01 3.917578271047613026e+00
5.567764999559185468e-02 -1.417274406851731783e-02 3.245192357345506373e+00
-1.726301807940586741e-01 6.102943550537949235e-01 4.334488812759308196e+00
1.582790475544100017e+00 -3.311438466617744325e-02 4.348869242568448534e+00
-1.687728716536341267e+00 9.314361824740258200e-01 3.598128898287587418e+00
1.154849845158676530e-01 -3.192909921283870744e-01 4.581410004655746881e+00
4.874825955313367154e-01 1.248048761603087087e+00 4.734256522111575549e+00
1.314997372039552248e+00 9.861403640148479477e-01 4.235345525439619507e+00
-1.012810718078469563e+00 1.666905348099769091e+00 3.535583493683959411e+00
-2.811334388749600066e-01 1.627398632320711025e+00 4.217880168338941083e+00
6.715407044742578435e-01 1.695874052599228632e+00 3.856506470442192303e+00
-5.156602490719990328e-01 -1.336851880919709856e+00 4.598224374771843870e+00
4.869571347388803040e-01 -1.333813788027995884e+00 4.617124221116950977e+00
-1.256980825266396096e+00 -6.635649608690670220e-01 4.615596119842208189e+00
-5.209062243064863651e-01 -6.176539458885628164e-01 5.295036772611893205e+00
1.003264680359268413e+00 -5.555584413365721730e-01 4.977615727140941360e+00
-1.588839472695170230e+00 2.317729231614119867e-01 4.306747360850340378e+00
-9.901091076814623193e-01 2.510510316819331567e-01 5.108553681401222235e+00
3.069155337634169034e-01 -1.130897579739240655e-01 5.542960879248562733e+00
1.011125691936425097e+00 4.442856784805548354e-01 5.024579550402485495e+00
-1.052441867723487690e+00 1.055253222362455334e+00 4.507364508016650007e+00
-1.490690428255163624e-01 7.518770143236485071e-01 5.325307302917813956e+00
