-3.604951468577155538e-01 5.992622983311272078e-01 -4.137054508856635948e+00
6.583154655562751811e-01 1.795449293696788906e-01 -4.181455604053681441e+00
-3.007724826534285967e-01 -9.576243538220126084e-01 -2.991887675682747272e+00
2.933819852146943991e-02 -7.491294476234884314e-01 -3.995738177248313150e+00
-8.426310774181047236e-01 -2.263237748486375267e-01 -3.581795016464212722e+00
-5.083150327118346468e-02 8.745938990883364919e-03 -2.154431373015015083e+00
8.159545460155024355e-01 -4.595613055379175194e-01 -3.317660571683489934e+00
-6.669574268921678595e-01 7.228711057313743638e-01 -3.095701976468291150e+00
3.728839102767515512e-01 8.489877526472616731e-01 -3.358123729199192553e+00
-1.056814586534144951e+00 -2.013332497251241193e-01 -2.567334043272381905e+00
4.100630597893204637e-02 -1.141432991846457412e+00 -2.067346975877597970e+00
9.049824318957544467e-01 -6.415477766606585419e-01 -2.332113460353141932e+00
-8.753015350660717786e-01 7.257762054286405196e-01 -2.111236981071584751e+00
9.983952562727552715e-01 3.539964026861479596e-01 -2.673358241580388039e+00
5.344277647895358946e-02 1.096604250147469095e+00 -2.415630042815863021e+00
-8.734960129643098981e-01 -7.855070659600045246e-01 -1.756576744762952558e+00
6.892678628514620209e-01 -9.993120958750552063e-01 -1.268893164179402788e+00
-1.202341532878207886e+00 1.033952653569834845e-01 -1.372614613227597147e+00
-1.652245319252898526e-01 4.215839743577588089e-02 -9.923830914463707131e-01
1.191292202707457726e+00 -1.072526275427776454e-01 -1.512524935056859476e+00
-7.251958585251685463e-01 9.831947417189101923e-01 -1.145865705931072398e+00
8.300829399617308813e-01 8.270432492755976916e-01 -1.787583228201128804e+00
-1.091619088462522313e+00 -5.980943675689189831e-01 -6.473598560499311816e-01
-3.071112410794256675e-01 -1.191198547287228848e+00 -9.935738070484632090e-01
1.170301723733022881e+00 -4.324809524748758349e-01 -5.515271832793047224e-01
-1.179120537481921360e+00 4.179594184770420440e-01 -4.151722546049967377e-01
1.082648637241953038e+00 6.036848756375843283e-01 -7.876599127432086789e-01
2.715646950569469142e-01 1.198511210170316366e+00 -1.017799268487650011e+00
-5.363202901606882733e-01 -1.135018666913538254e+00 2.976500683724161989e-02
4.519927923349689181e-01 -1.168736841494478540e+00 -3.001053648516034400e-01
-1.214851945098260444e+00 -3.062191031792877993e-01 3.156528125985456068e-01
1.602790883400956046e-01 1.027548695402392270e-01 -1.783553451701891390e-02
1.219403498977665201e+00 2.952751720414109049e-01 1.696920732270780219e-01
-4.695634542962210389e-01 1.163316504869918999e+00 -1.847155340625477038e-01
5.747551653297925389e-01 1.115982595656553444e+00 -5.637907508662465261e-02
-7.806650347157386705e-01 -9.509939346370401836e-01 9.891507243359151103e-01
1.986002307955022361e-01 -1.225589178575816618e+00 7.365529282619717177e-01
1.031856040916886430e+00 -7.077535016430118731e-01 4.031260439641740634e-01
-1.028144229505329577e+00 7.072441309453586511e-01 5.424534256612850713e-01
8.354375680562973194e-01 9.091518417381837525e-01 9.001049081235691363e-01
-1.504413779089190939e-01 1.231051905790184087e+00 7.719404891363059740e-01
-5.336234242855653065e-02 -1.177370840814404573e+00 1.715604045970935632e+00
8.990803378735678919e-01 -7.571900612930022589e-01 1.749089863003686629e+00
-1.213528544890749572e+00 1.081309349474593104e-02 1.274750773157070194e+00
-1.304803891506196578e-01 -3.750567737948529157e-02 9.300286566390936205e-01
1.222691005665640374e+00 -1.386824874222725157e-02 1.127955725005456156e+00
-7.588720776945052648e-01 9.220615487194144810e-01 1.536264013152316421e+00
2.575953196572460246e-01 1.151538573850080294e+00 1.700179797503330592e+00
-9.238006136248202438e-01 -6.898711273115054610e-01 1.970715081548058967e+00
-5.858863349662897235e-01 -8.330984420516500677e-01 2.912394998765253984e+00
4.072934384002177555e-01 -9.892617981178091213e-01 2.606491255296150111e+00
-1.080231187272019611e+00 2.762889735920339707e-01 2.288978819789103003e+00
1.036905572235330419e+00 5.018819774510706599e-01 1.979760004817402219e+00
-3.805304691801580930e-01 1.017302157248272554e+00 2.497960214145825919e+00
-4.650050645688708073e-01 -6.132186307114295687e-01 3.935761600572815766e+00
5.666630075630417762e-01 -6.681886143883843943e-01 3.567841975266045296e+00
-9.403866402805363123e-01 1.015646097703741396e-01 3.275468345657588376e+00
3.091033576765320548e-02 1.364733281135871168e-01 1.995503267214079113e+00
1.029931626475953710e+00 -1.425198180385081059e-01 2.791600383711966060e+00
-2.208419677422028826e-01 8.692975673577957307e-01 3.485539510362019477e+00
6.029996843069942436e-01 8.345578768093576683e-01 2.850147359348091936e+00
3.597920212912225635e-01 -2.809555664390757102e-01 4.640598470668826359e+00
-4.195957806009715796e-01 3.623173305251470300e-01 4.469565228457657469e+00
7.193085410227244569e-01 3.964211701039461189e-01 3.767549374636042003e+00
