-6.227080628278827135e-01 -6.017012734781133076e-01 -2.796713617197426061e+00
4.009163989051114929e-01 -6.534522618637481628e-01 -2.958717638240472070e+00
1.049359028311925846e+00 -3.467773916972731740e-01 -2.260207056036904305e+00
-7.671529329446116208e-01 3.903279359998601539e-01 -2.805881522862989641e+00
6.870897870934443707e-01 3.515827834370051086e-01 -2.950960201541292349e+00
-2.686539850064662005e-02 1.001241265861785523e+00 -2.522661865190471531e+00
-6.848391380559490926e-01 -1.011670944103983061e+00 -1.883891863609377992e+00
3.657204071268526091e-01 -1.109607641241879605e+00 -2.069437907894979389e+00
-1.169999934223085347e+00 -1.182001192726858108e-01 -2.044416591905644509e+00
1.465045643735742552e-02 2.576354397209234398e-02 -2.257041704094035595e+00
1.309329924979782067e+00 1.759330948691786856e-01 -1.447284501518836919e+00
-8.296212952238448679e-01 8.820577359278156671e-01 -1.923457884302791854e+00
8.443905595005350984e-01 8.081832655360299267e-01 -2.067803351757717678e+00
-6.596640290746478286e-01 -1.245651128945155506e+00 -8.397948097708223258e-01
3.199410554947689778e-01 -1.352099671666181280e+00 -1.014381125837815034e+00
-1.274624361460652722e+00 -5.122668786572290855e-01 -1.130899454577132701e+00
-8.995065042569194702e-03 -4.712371498232528211e-01 -1.368770824386785989e+00
1.079087679869641603e+00 -7.927774297733520825e-01 -1.349304184939555284e+00
-1.330438615844954597e+00 4.541351654020651663e-01 -8.750186494576155383e-01
-3.506861118139568134e-01 4.562183471149544589e-01 -1.154152253174643761e+00
5.364152291048565058e-01 1.487085583242395981e-01 -7.816948572406090534e-01
1.429612180184167913e+00 -1.761470637879085643e-01 -4.459953261843310202e-01
-7.398130346883391439e-01 1.222247594736027176e+00 -6.263050135362107085e-01
9.172054580493556319e-02 1.292963123059750030e+00 -1.571405983527654371e+00
9.247257398647529270e-01 1.025167998078007958e+00 -1.081488830189783812e+00
-3.109877178238207307e-02 -1.451656744164964152e+00 -8.020504462284350211e-02
-9.513106336757886083e-01 -1.096491971308566349e+00 1.101175714301537018e-01
-4.612203393845106802e-01 -3.077058450305969473e-01 -4.878946926481688706e-01
9.813157027988858028e-01 -1.062816165051614803e+00 -3.112235055649676951e-01
1.332502426116586092e+00 -5.418130357700761124e-01 4.813279950516484162e-01
-1.432789347875711883e+00 -2.312974152005580208e-01 -1.315946960041003422e-01
-5.218930826034551274e-01 -2.507683272443159694e-01 5.089118314620977301e-01
4.053087620789926904e-01 -3.713872876207489071e-01 1.261513286766264563e-01
-1.251414349200103970e+00 7.362563779366902983e-01 8.589455441617624420e-02
-6.543410745497624248e-02 5.414059795444298162e-01 -7.884385747760802587e-02
2.295711290477127353e-01 1.420061125748233177e+00 -4.804132198049444469e-01
1.251433895083870151e+00 7.365299580394444323e-01 -6.921852588662602557e-02
-3.902985955518971650e-01 1.391818812144209216e+00 3.383689895400502357e-01
-3.024279595476428995e-01 -1.372069822236099412e+00 8.824426236270938029e-01
6.582433605480717542e-01 -1.268254275614367543e+00 6.238084692958385524e-01
-1.102034920344024727e+00 -8.203268214957972759e-01 1.130050599436706715e+00
2.084230494435538039e-01 -5.379800601738367050e-01 1.147818244066682425e+00
1.153413147032958275e+00 -5.892943834782187196e-01 1.576043991244070464e+00
-1.407388950174606634e+00 8.589478042146465875e-02 8.352765700150771577e-01
-3.911767409336874834e-01 2.330998986805447870e-01 1.386640189399513279e+00
4.057721926181257488e-01 3.882199640440769373e-01 7.953468351293784266e-01
1.356202443845711869e+00 2.578407750854435632e-01 1.082343741758424294e+00
-9.884464901513467794e-01 9.747463614780281782e-01 1.023918790524821265e+00
-1.215259416163831929e-01 1.328877839779510239e+00 1.375153994534755064e+00
6.051981939924239162e-01 1.307291843371036544e+00 4.430260504229545093e-01
-7.107686103442034664e-01 -9.371154790253086730e-01 2.043704173564680371e+00
3.219800129390603116e-01 -1.166034048293084879e+00 1.927928066441223720e+00
-1.219895380904233662e+00 -4.070820736204439072e-02 1.887984041230997390e+00
2.042089214589311655e-02 1.612012747707146018e-02 2.276365541512838764e+00
1.131123436184431785e+00 3.017691321504717972e-01 2.061744359598563392e+00
-7.522680780335377904e-01 8.941290683917907378e-01 2.068892142343631502e+00
8.301733447045150927e-01 1.028576689689665535e+00 1.443582219450697535e+00
-8.355549152685028957e-01 -2.229241038233169547e-01 2.798729894163813903e+00
-6.162989441170907412e-02 -8.613684787826514366e-01 2.800881932289431830e+00
8.436186017656021052e-01 -5.373866474585042852e-01 2.525771727121649768e+00
-3.468009134837473084e-01 6.812833033308213215e-01 2.961941814943743534e+00
6.569060335960569263e-01 3.990523327127461495e-01 2.955768452628698473e+00
2.584073288427222170e-01 1.072670000823347181e+00 2.265307947741180161e+00
-2.557270513683818081e-02 -1.199298197925884324e-01 3.471124754070268104e+00
