-2.402348617428771149e-01 -3.477184166547147015e-01 -7.226684418409831778e+00
-5.676683199964287496e-01 1.571948227939544418e-01 -6.088394836203917748e+00
2.986173935461522433e-01 4.017139791275437521e-01 -6.763802456761325743e+00
2.518650944360882327e-01 -5.270566052202525498e-01 -6.130631880571598913e+00
-4.427393374422905481e-01 -5.048268200683452278e-01 -5.264289308344814344e+00
-4.863052056227274988e-01 5.008713374104555305e-01 -4.942329505015351288e+00
3.255211397287485764e-01 5.498349366700292506e-01 -5.616669831658199996e+00
-4.982604693097982818e-01 -6.234449022313555133e-01 -3.310395176717605636e+00
5.790541553059248558e-01 -3.538945524343830584e-01 -5.180865047109350030e+00
-7.469951192883854674e-01 -1.031418590040402705e-01 -4.136285864638352905e+00
5.705706570457156485e-02 -7.393257206886971744e-01 -4.335894788201073879e+00
7.058270326651802096e-01 3.353996769646113152e-01 -3.650104765539197160e+00
-2.041251526314198372e-01 7.410262557398752392e-01 -3.887780466428239379e+00
5.051309057897679367e-01 5.165645563733045620e-01 -4.616115341207787992e+00
4.951933237334329441e-01 -6.189445830540165616e-01 -3.425863250620409417e+00
-7.341765684593610786e-01 3.358440779254047159e-01 -3.101734595692448693e+00
1.589863079160530324e-01 7.982645573600566369e-01 -2.942409508655217110e+00
-7.493783861004601476e-01 -3.665161713765456852e-01 -2.377103194742360870e+00
1.906543605674249076e-01 -8.085864237541500188e-01 -2.483446523232288428e+00
-8.572801467565369649e-01 1.655576790875960130e-02 -1.453284790443888141e+00
7.514040106321259183e-01 -4.014364395275720199e-01 -1.721148099070305193e+00
8.240160387487717175e-01 8.464978937508147241e-03 -2.676892142424151189e+00
-5.313344902922665369e-01 6.512460895330558497e-01 -2.168418875497735598e+00
5.004912166940364004e-01 6.809068013446617496e-01 -2.002445741723491324e+00
-6.197432439736729748e-01 -6.081247422881688180e-01 -6.548418586463924385e-01
-1.923728234031045758e-01 -8.337498751839262923e-01 -1.545105668067336069e+00
4.869207364441659469e-01 -7.175778506622947361e-01 -7.737964322289201391e-01
-7.554506464322514603e-01 4.298283218521562477e-01 -5.370002731557548259e-01
7.734718338679180683e-01 3.839073284193175728e-01 -1.082606760486640951e+00
-1.712511839434540661e-01 8.437281631737804100e-01 -1.253710080404459859e+00
-5.911352730994252624e-01 -6.350065842951835293e-01 7.341998450821072275e-01
4.070079799646399987e-01 -7.677413210311385683e-01 5.676618977709900760e-01
-8.361763689906211994e-01 -1.772340842526460847e-01 1.589435954000389062e+00
-1.127089432133487890e-01 -9.087285118629040426e-02 3.956522322436505784e-02
8.707231749553493438e-01 -1.360592282559025534e-02 -1.689975718570480012e-01
-7.730201644594956178e-01 3.961574275255194677e-01 6.120039562719866710e-01
2.335889341974864419e-01 8.384781651851406226e-01 -3.077009302547395464e-01
-5.170667986603945110e-01 -6.533403275505520469e-01 2.408897812824919438e+00
-1.728130788632142867e-02 -8.557824625647043604e-01 1.529981670113130354e+00
7.910768853504889231e-01 -3.095984626926906458e-01 1.825390303771028178e+00
-4.392472945372105642e-01 7.355113479489663320e-01 1.492674772809500450e+00
8.626616794046700898e-01 8.149878615976427487e-02 8.397872098281518038e-01
1.703118292035042669e-01 8.510591208336205638e-01 6.942223703479275532e-01
-3.638674640637304947e-01 -7.057532701694526622e-01 3.397115372221108931e+00
4.351546122580688403e-01 -6.983258444560505040e-01 2.711250027370881721e+00
-8.020248483100260728e-01 1.295499801926024985e-01 2.980043400868300996e+00
-4.116392004938518312e-02 2.262240626230576646e-01 2.304967395258319396e+00
7.805802783580495507e-01 2.310993640034054719e-01 2.939204756360727089e+00
-8.312759950737813597e-02 8.001325809722072968e-01 3.168992654702499578e+00
5.506705852522094657e-01 6.532173402857220923e-01 1.608314674715578318e+00
6.101186632346921046e-01 -4.856401440157469551e-01 3.681960066392963249e+00
-7.410462715966872338e-01 1.835944585884511648e-01 3.978554404198393346e+00
5.425173792059851952e-01 5.428747694507154442e-01 3.907981714922961203e+00
-1.403357491002878987e-01 -7.257071624354836104e-01 4.372216932143923707e+00
1.627564288552239280e-01 -6.438823267430393571e-01 5.347386053703974795e+00
-6.888845354524590903e-01 -9.303788280647040665e-02 4.979961250563793129e+00
-4.357261488323871390e-01 4.255576519935260205e-01 5.908278171866262696e+00
7.067069490704503965e-01 -1.448715508062008439e-01 4.631437100900923198e+00
-4.525709435584701623e-02 7.148786752655234000e-01 4.702073797140243094e+00
5.455646354645528051e-01 3.509371621306952571e-01 5.515450163132828543e+00
-2.072398153078012228e-01 -5.128772033437485334e-01 6.384119340048621360e+00
-4.077777493068737158e-01 1.218264307255684242e-01 7.211075354899428191e+00
4.600369158602025110e-01 2.450182612835155593e-01 6.621732795025994989e+00
4.260063439102214355e-02 -1.202928321413310186e-02 8.254153242763255349e+00
