-4.830367149665164561e-01 3.038309126515748027e-01 -5.841671917391494162e+00
4.562218525588562779e-01 -2.219143167982053910e-01 -6.163409999909646331e+00
-1.560421675027043875e-01 -6.357788769707184429e-01 -5.319822342699112028e+00
6.374540859660181580e-01 -3.717692210014860166e-01 -4.662208614348870128e+00
-6.999298940195615160e-01 1.623083720882566028e-01 -4.830997354152913204e+00
4.587448236813314595e-01 4.737164287621418723e-01 -5.286260420603483112e+00
-3.274883783575148755e-01 -7.014998548763031749e-01 -4.316903216257628628e+00
4.038054767837097603e-01 -7.338192363255018336e-01 -3.584990687168485124e+00
-6.242201545388752493e-01 -5.823843121186058625e-01 -3.362853538481132887e+00
6.088785130714412935e-02 7.650071693479360002e-01 -4.384580209067607370e+00
7.861505082439680381e-01 2.250963771426175708e-01 -3.835504189617680026e+00
-7.396791884101645564e-01 3.480275715100675793e-01 -3.838831351595118235e+00
6.418681404461396012e-02 8.499949643528392773e-01 -3.381403878410594643e+00
-1.272974910142181670e-01 -8.940060955680024790e-01 -2.531078334092782711e+00
-3.981204867416039406e-01 8.127467877143504937e-01 -2.490444733448157422e+00
7.950919086998744501e-01 -4.092612268338484682e-01 -2.701784128980690980e+00
-6.541183295503429918e-01 -6.713384078646100761e-01 -1.683649298449736875e+00
4.337475441188064496e-01 -8.330240452151116415e-01 -1.623766516839552310e+00
-8.963115489878390463e-01 -1.175629140443135157e-01 -2.511505188378336584e+00
3.046668681770066736e-02 -1.634362838132119577e-04 -2.037336435689823588e+00
9.274156307323226933e-01 1.577840907860503794e-01 -1.571887346036731969e+00
1.148575122115420011e-01 9.331751411560620380e-01 -1.589563077269062319e+00
6.458566885386182177e-01 6.282929045469485274e-01 -2.570656237387098031e+00
-9.358984776299763553e-01 -2.013135409149242605e-01 -8.317011173932655765e-01
-1.870008583978375327e-01 -9.389531374556270293e-01 -8.259475569744267887e-01
8.388591772158221493e-01 -4.630826656979110112e-01 -7.718326301927334043e-01
-8.435088440915023966e-01 4.116488344604463112e-01 -1.642903442138816672e+00
6.507961503662129665e-01 7.036520684198326325e-01 -7.520852505578687897e-01
-4.966741676727224331e-01 8.192676021861542424e-01 -7.807804587545916775e-01
-6.812102266012942664e-01 -6.816137477881341056e-01 2.669960581624157905e-02
3.666024138196395943e-01 -8.912043072943873767e-01 2.910063422700125829e-02
-8.993295369952107876e-01 3.461947827789553234e-01 2.671436867671883597e-02
1.430896074444867015e-03 7.294352585310608615e-03 -3.630827042678106409e-01
9.531224713469367282e-01 1.420814111850705330e-01 3.982486621140640670e-02
-5.251534524768288748e-01 8.000584788404422332e-01 8.503648880847841651e-01
7.962415436380743117e-02 9.603529302882840568e-01 4.690818245300549388e-02
-9.349354576534238959e-01 -2.020385258971515441e-01 8.815711532877077428e-01
-1.882650799754657100e-01 -9.378672113014232536e-01 8.778824591726348547e-01
8.263349444564455082e-01 -4.831930260568810809e-01 8.360835015788392610e-01
-8.567295682429545423e-01 3.777468279862490341e-01 1.715071682018981525e+00
6.558402736850983406e-01 6.970484698397647616e-01 8.462303922173592952e-01
9.190806953337184171e-02 9.335789348057472736e-01 1.659089437525530730e+00
-6.537624100660792692e-01 -6.693855851273156077e-01 1.734705239547143174e+00
4.084449608804950893e-01 -8.432903182090001337e-01 1.693715772338331593e+00
-8.877115041820928809e-01 -1.503868410784292564e-01 2.584230616808844250e+00
3.789862295408504000e-02 3.328222231502993289e-02 3.022019281374019428e+00
9.296065596385866270e-01 1.280806027788851109e-01 1.649584438257971408e+00
-4.126435064896867289e-01 8.031439070424730708e-01 2.532596456310455491e+00
6.318431613540932412e-01 6.488563041048419633e-01 2.476956444056225504e+00
-1.143444514666498435e-01 -8.938179584789338605e-01 2.569536623237246076e+00
-7.283627596051474029e-01 4.055009523971129237e-01 3.636757608739032310e+00
8.153063103989810489e-01 -3.897898100686916223e-01 2.517525431805553549e+00
-5.525040251619088849e-01 -6.370807018855089154e-01 3.508533924874188692e+00
5.022887743477447708e-01 -6.665965538525995271e-01 3.623494306357501582e+00
-7.175492775247533928e-01 -2.608039044704639764e-01 4.423436919703203962e+00
2.175419852171859014e-01 -6.974886302540852512e-01 4.726976021374212245e+00
7.747750843469142223e-01 8.375982511456565860e-02 4.264530194204142255e+00
1.523753719802577004e-02 7.391344560179320400e-01 4.650112103468784674e+00
2.675258732589595456e-01 7.858444561360654612e-01 3.681769682020290091e+00
-5.940770488862767706e-03 -5.759273837561380560e-01 5.812099814835179679e+00
-6.139554131565887474e-01 2.206452421253635998e-01 5.335432666165893068e+00
6.473807248789041902e-01 1.374360534624692043e-01 5.269445834033332332e+00
8.417919286079109109e-02 5.042406771669556420e-01 6.145201109962052932e+00
-1.613253228353528357e-02 -7.898346618513585327e-02 7.223947659938833255e+00
