4.165692046043684843e-03 -5.900970430640342101e-01 -5.172024493154069091e+00
-6.379356845345540705e-01 1.964747307851347213e-01 -4.858933351732474648e+00
4.512549907787535286e-01 3.783873350052026630e-01 -5.176465678086813682e+00
-4.888843658136181602e-01 -6.375300107498560465e-01 -4.142390189641929510e+00
2.250500854351286384e-01 -8.746250897600305052e-01 -3.415952962006812754e+00
-7.774827465094062973e-01 3.966977120497657272e-01 -3.661096061353532605e+00
7.119035294667296343e-01 -3.033039760501736737e-01 -4.320266435200579735e+00
9.076927326578482225e-01 -5.191844035260828605e-02 -3.363668082253042257e+00
1.776704328884237336e-02 7.807486630213347212e-01 -4.278676823733817969e+00
3.620931512286314491e-01 8.417253987110311364e-01 -3.300663486140919645e+00
-7.585009365635642098e-01 -5.382581744974146432e-01 -3.173923041320335869e+00
-1.342475588567708655e-01 -9.843313827466744215e-01 -2.478084117688467813e+00
8.305994229191637768e-01 -5.458839328466211782e-01 -2.471865882314773444e+00
-9.063266970352827911e-01 3.674038417075978225e-01 -2.669383368624338004e+00
8.508209113290956527e-01 5.141337242581959233e-01 -2.469617325381946671e+00
-9.284195593110666778e-02 9.938217163379081676e-01 -2.416310822151629623e+00
-5.170504109175340091e-01 -9.141751522953427411e-01 -1.547208154238262523e+00
5.351431551645965401e-01 -9.023987667547004321e-01 -1.571574840227015102e+00
-1.040569129350330968e+00 -2.463752611024006001e-02 -1.740241733010165603e+00
-5.407995068453885779e-02 8.681582961456980885e-02 -1.063244702365778949e+00
1.047650987940861755e+00 1.575904589389522450e-02 -1.600882504141537765e+00
-5.605344935367497783e-01 8.894103046055886752e-01 -1.524165500139901042e+00
5.020855811867701579e-01 9.203222604861766021e-01 -1.588118103762411693e+00
-9.499373790153526897e-01 -5.088065836601600722e-01 -7.181044722881892994e-01
3.421960271281574567e-02 -1.077356356569964646e+00 -7.044224921021111641e-01
9.524906853999384193e-01 -5.032141856526237689e-01 -7.358762015711448612e-01
-9.349226405431210196e-01 5.381215186109526982e-01 -6.622239799677487326e-01
9.257989313084774574e-01 5.507013102906880286e-01 -7.377975719347773520e-01
1.882926767870660850e-02 1.077590047332945611e+00 -7.115475743604093850e-01
-5.489053636752601051e-01 -9.356842650797432270e-01 1.197897572010664380e-01
5.987752140017384983e-01 -9.045672145601599823e-01 1.235242389276839936e-01
-1.084109747759029574e+00 -3.282771617838875500e-02 1.680015466359232879e-01
-1.674047694993419100e-02 -2.906215374522957973e-03 3.611696622685700020e-01
1.084436449571645422e+00 2.813982105717581159e-02 1.205771579137772248e-01
-4.957289817442216417e-01 9.647410470197129717e-01 1.580493246520937312e-01
5.545280702139888662e-01 9.322886389826107179e-01 1.370152622316942459e-01
-8.991933260159186148e-01 -5.811143908720310947e-01 1.000180278159408909e+00
2.349932733342866356e-02 -1.071870785150508709e+00 9.468965011284017352e-01
9.494941172514640426e-01 -4.956449561028222206e-01 9.845579538750470761e-01
-9.159921933974004560e-01 5.549267350032686119e-01 9.881556784618875655e-01
9.155740547146071773e-01 5.544983701074506222e-01 1.008183287829546693e+00
-4.440057179138534593e-03 1.069530210178392560e+00 1.037054442726757397e+00
-5.088316305095474945e-01 -8.991208143193887281e-01 1.883282266044572717e+00
5.164497942260657393e-01 -8.989049555412691461e-01 1.818574295448033507e+00
-1.036122350513764445e+00 -1.442616295589971287e-02 1.827359995523774039e+00
-3.856017673912504051e-02 4.146208863719122450e-02 1.457176447426412169e+00
1.034041579347704243e+00 9.125781555889158833e-03 1.866077958466647368e+00
-5.256382024253554164e-01 8.887795055030034419e-01 1.892700718997144094e+00
5.070029571164688109e-01 8.888716339620822415e-01 2.048890095824147828e+00
-7.598658913286868710e-01 -4.668234157540211982e-01 3.510500717621247713e+00
-1.406246158227588694e-01 -9.541731673930087254e-01 2.823250997626113090e+00
8.194066858819420984e-01 -5.279900438833351473e-01 2.706668925371879197e+00
-9.325048860743265777e-01 2.565590499850211037e-01 2.793568775981547514e+00
8.147491867204419425e-01 4.957070509926129187e-01 2.939052935572274539e+00
-1.407748536214512569e-01 9.521688783700704706e-01 2.844760438365501187e+00
5.645815946239247755e-03 -5.960671367115111252e-01 5.149842909368530286e+00
4.571490244299577371e-02 -8.087941120541586315e-01 4.100165471836951347e+00
-7.316284387814562251e-01 -1.398147490279910699e-01 4.481470392958478044e+00
7.047445041403593846e-01 1.031778396082658339e-01 4.649389226829208965e+00
8.382427781846601977e-01 -2.391909997088390583e-01 3.669837337920471398e+00
-6.413907190949998949e-01 5.820369239568705666e-01 3.712295842402870694e+00
4.163067288353680673e-01 7.389657023997696639e-01 3.843688073973264174e+00
2.413323479890833526e-02 3.517097694075039388e-02 6.158533198417051047e+00
-1.837271800962696489e-01 5.799204487730140745e-01 5.103470049994664137e+00
